0	143.915	35.4285
1	137.209	32.8492
2	136.084	32.4679
3	135.81	32.4582
4	135.678	32.5122
5	135.571	32.5781
6	135.467	32.6471
7	135.363	32.718
8	135.258	32.7908
9	135.153	32.8658
10	135.046	32.9433
11	134.938	33.0234
12	134.829	33.1067
13	134.717	33.1932
14	134.604	33.2835
15	134.488	33.3778
16	134.37	33.4765
17	134.249	33.5799
18	134.124	33.6885
19	133.997	33.8026
20	133.865	33.9226
21	133.73	34.049
22	133.59	34.1822
23	133.445	34.3226
24	133.296	34.4707
25	133.141	34.627
26	132.98	34.7919
27	132.813	34.9659
28	132.639	35.1496
29	132.458	35.3433
30	132.269	35.5476
31	132.073	35.7628
32	131.868	35.9895
33	131.655	36.2279
34	131.433	36.4785
35	131.201	36.7415
36	130.961	37.0172
37	130.71	37.3058
38	130.45	37.6074
39	130.18	37.9221
40	129.901	38.2497
41	129.613	38.5902
42	129.316	38.9433
43	129.011	39.3088
44	128.698	39.686
45	128.378	40.0746
46	128.051	40.4738
47	127.72	40.8828
48	127.383	41.3007
49	127.043	41.7265
50	126.7	42.1592
51	126.355	42.5973
52	126.008	43.0397
53	125.661	43.4851
54	125.313	43.9319
55	124.967	44.3787
56	124.621	44.8243
57	124.277	45.2671
58	123.934	45.706
59	123.594	46.1397
60	123.256	46.5671
61	122.92	46.9872
62	122.588	47.3991
63	122.258	47.8023
64	121.93	48.196
65	121.605	48.5798
66	121.283	48.9534
67	120.963	49.3166
68	120.646	49.6691
69	120.331	50.011
70	120.017	50.3422
71	119.706	50.6629
72	119.396	50.9731
73	119.087	51.273
74	118.78	51.5629
75	118.473	51.8428
76	118.167	52.1131
77	117.862	52.374
78	117.557	52.6257
79	117.252	52.8685
80	116.946	53.1026
81	116.641	53.3283
82	116.335	53.5458
83	116.028	53.7554
84	115.72	53.9572
85	115.411	54.1516
86	115.101	54.3387
87	114.789	54.5188
88	114.476	54.6921
89	114.162	54.8589
90	113.846	55.0192
91	113.528	55.1733
92	113.208	55.3215
93	112.887	55.4639
94	112.564	55.6007
95	112.239	55.7322
96	111.913	55.8584
97	111.584	55.9796
98	111.254	56.0959
99	110.923	56.2076
100	110.59	56.3148
101	110.256	56.4176
102	109.92	56.5163
103	109.584	56.6109
104	109.246	56.7017
105	108.907	56.7887
106	108.568	56.8722
107	108.229	56.9522
108	107.889	57.029
109	107.549	57.1025
110	107.209	57.173
111	106.869	57.2405
112	106.529	57.3051
113	106.191	57.367
114	105.853	57.4263
115	105.516	57.483
116	105.18	57.5373
117	104.846	57.5892
118	104.513	57.6388
119	104.182	57.6862
120	103.854	57.7314
121	103.527	57.7746
122	103.203	57.8158
123	102.881	57.8551
124	102.562	57.8924
125	102.246	57.928
126	101.934	57.9618
127	101.624	57.994
128	101.318	58.0245
129	101.015	58.0535
130	100.716	58.0809
131	100.42	58.1069
132	100.129	58.1314
133	99.841	58.1547
134	99.5573	58.1766
135	99.2777	58.1972
136	99.0022	58.2167
137	98.7308	58.235
138	98.4637	58.2523
139	98.2006	58.2684
140	97.9418	58.2836
141	97.6871	58.2978
142	97.4366	58.3112
143	97.1901	58.3236
144	96.9476	58.3352
145	96.7091	58.3461
146	96.4744	58.3562
147	96.2435	58.3657
148	96.0162	58.3744
149	95.7925	58.3826
150	95.5722	58.3902
151	95.3552	58.3972
152	95.1414	58.4037
153	94.9305	58.4098
154	94.7225	58.4154
155	94.5172	58.4205
156	94.3144	58.4253
157	94.114	58.4297
158	93.9159	58.4337
159	93.7197	58.4375
160	93.5255	58.4409
161	93.333	58.4441
162	93.1421	58.447
163	92.9526	58.4497
164	92.7644	58.4521
165	92.5774	58.4544
166	92.3914	58.4564
167	92.2063	58.4583
168	92.022	58.46
169	91.8384	58.4616
170	91.6555	58.4631
171	91.4731	58.4644
172	91.2912	58.4656
173	91.1097	58.4667
174	90.9286	58.4677
175	90.7479	58.4686
176	90.5676	58.4695
177	90.3876	58.4702
178	90.208	58.4709
179	90.0288	58.4716
180	89.8499	58.4721
181	89.6715	58.4727
182	89.4936	58.4732
183	89.3163	58.4736
184	89.1395	58.474
185	88.9635	58.4744
186	88.7882	58.4747
187	88.6137	58.475
188	88.4401	58.4753
189	88.2675	58.4755
190	88.0961	58.4758
191	87.9258	58.476
192	87.7567	58.4762
193	87.5891	58.4763
194	87.4229	58.4765
195	87.2582	58.4766
196	87.0952	58.4768
197	86.9339	58.4769
198	86.7745	58.477
199	86.6169	58.4771
200	86.4613	58.4772
201	86.3077	58.4773
202	86.1562	58.4773
203	86.007	58.4774
204	85.8599	58.4774
205	85.7152	58.4775
206	85.5727	58.4775
207	85.4327	58.4776
208	85.295	58.4776
209	85.1598	58.4777
210	85.027	58.4777
211	84.8967	58.4777
212	84.7689	58.4777
213	84.6436	58.4778
214	84.5207	58.4778
215	84.4002	58.4778
216	84.2822	58.4778
217	84.1666	58.4778
218	84.0534	58.4778
219	83.9426	58.4778
220	83.834	58.4779
221	83.7277	58.4779
222	83.6237	58.4779
223	83.5218	58.4779
224	83.422	58.4779
225	83.3243	58.4779
226	83.2285	58.4779
227	83.1348	58.4779
228	83.0429	58.4779
229	82.9528	58.4779
230	82.8645	58.4779
231	82.7779	58.4779
232	82.6929	58.4779
233	82.6095	58.4779
234	82.5275	58.4779
235	82.4471	58.4779
236	82.368	58.4779
237	82.2903	58.4779
238	82.2139	58.4779
239	82.1387	58.4779
240	82.0647	58.4779
241	81.9918	58.4779
242	81.92	58.4779
243	81.8493	58.4779
244	81.7796	58.4779
245	81.7108	58.4779
246	81.643	58.4779
247	81.5761	58.4779
248	81.5101	58.4779
249	81.445	58.4779
250	81.3807	58.4779
251	81.3171	58.4779
252	81.2544	58.4779
253	81.1925	58.4779
254	81.1313	58.4779
255	81.0709	58.4779
256	81.0112	58.4779
257	80.9522	58.4779
258	80.8939	58.4779
259	80.8363	58.4779
260	80.7794	58.4779
261	80.7232	58.4779
262	80.6677	58.4779
263	80.6129	58.4779
264	80.5588	58.4779
265	80.5053	58.4779
266	80.4525	58.4779
267	80.4003	58.4779
268	80.3488	58.4779
269	80.298	58.4779
270	80.2478	58.4779
271	80.1983	58.4779
272	80.1494	58.4779
273	80.1012	58.4779
274	80.0536	58.4779
275	80.0066	58.4779
276	79.9603	58.4779
277	79.9146	58.4779
278	79.8695	58.4779
279	79.8251	58.4779
280	79.7812	58.4779
281	79.738	58.4779
282	79.6953	58.4779
283	79.6533	58.4779
284	79.6118	58.4779
285	79.5709	58.4779
286	79.5306	58.4779
287	79.4908	58.4779
288	79.4516	58.4779
289	79.413	58.4779
290	79.3748	58.4779
291	79.3372	58.4779
292	79.3002	58.4779
293	79.2636	58.4779
294	79.2276	58.4779
295	79.192	58.4779
296	79.157	58.4779
297	79.1224	58.4779
298	79.0883	58.4779
299	79.0546	58.4779
300	79.0214	58.4779
301	78.9887	58.4779
302	78.9564	58.4779
303	78.9245	58.4779
304	78.8931	58.4779
305	78.8621	58.4779
306	78.8314	58.4779
307	78.8012	58.4779
308	78.7714	58.4779
309	78.742	58.4779
310	78.713	58.4779
311	78.6843	58.4779
312	78.6561	58.4779
313	78.6281	58.4779
314	78.6006	58.4779
315	78.5734	58.4779
316	78.5466	58.4779
317	78.5201	58.4779
318	78.494	58.4779
319	78.4682	58.4779
320	78.4427	58.4779
321	78.4176	58.4779
322	78.3928	58.4779
323	78.3683	58.4779
324	78.3441	58.4779
325	78.3203	58.4779
326	78.2967	58.4779
327	78.2735	58.4779
328	78.2506	58.4779
329	78.228	58.4779
330	78.2057	58.4779
331	78.1837	58.4779
332	78.162	58.4779
333	78.1405	58.4779
334	78.1194	58.4779
335	78.0985	58.4779
336	78.078	58.4779
337	78.0577	58.4779
338	78.0377	58.4779
339	78.0179	58.4779
340	77.9985	58.4779
341	77.9793	58.4779
342	77.9604	58.4779
343	77.9417	58.4779
344	77.9233	58.4779
345	77.9052	58.4779
346	77.8873	58.4779
347	77.8697	58.4779
348	77.8523	58.4779
349	77.8352	58.4779
350	77.8184	58.4779
351	77.8017	58.4779
352	77.7854	58.4779
353	77.7693	58.4779
354	77.7534	58.4779
355	77.7377	58.4779
356	77.7223	58.4779
357	77.7072	58.4779
358	77.6922	58.4779
359	77.6775	58.4779
360	77.663	58.4779
361	77.6488	58.4779
362	77.6348	58.4779
363	77.621	58.4779
364	77.6074	58.4779
365	77.594	58.4779
366	77.5809	58.4779
367	77.5679	58.4779
368	77.5552	58.4779
369	77.5427	58.4779
370	77.5304	58.4779
371	77.5183	58.4779
372	77.5064	58.4779
373	77.4947	58.4779
374	77.4832	58.4779
375	77.4719	58.4779
376	77.4609	58.4779
377	77.45	58.4779
378	77.4392	58.4779
379	77.4287	58.4779
380	77.4184	58.4779
381	77.4083	58.4779
382	77.3983	58.4779
383	77.3885	58.4779
384	77.3789	58.4779
385	77.3695	58.4779
386	77.3602	58.4779
387	77.3511	58.4779
388	77.3422	58.4779
389	77.3334	58.4779
390	77.3248	58.4779
391	77.3164	58.4779
392	77.3081	58.4779
393	77.3	58.4779
394	77.292	58.4779
395	77.2842	58.4779
396	77.2765	58.4779
397	77.269	58.4779
398	77.2616	58.4779
399	77.2543	58.4779
400	77.2472	58.4779
401	77.2402	58.4779
402	77.2333	58.4779
403	77.2265	58.4779
404	77.2199	58.4779
405	77.2134	58.4779
406	77.207	58.4779
407	77.2007	58.4779
408	77.1946	58.4779
409	77.1885	58.4779
410	77.1826	58.4779
411	77.1767	58.4779
412	77.171	58.4779
413	77.1653	58.4779
414	77.1598	58.4779
415	77.1543	58.4779
416	77.1489	58.4779
417	77.1437	58.4779
418	77.1385	58.4779
419	77.1333	58.4779
420	77.1283	58.4779
421	77.1234	58.4779
422	77.1185	58.4779
423	77.1137	58.4779
424	77.109	58.4779
425	77.1044	58.4779
426	77.0998	58.4779
427	77.0953	58.4779
428	77.0909	58.4779
429	77.0866	58.4779
430	77.0823	58.4779
431	77.0781	58.4779
432	77.0739	58.4779
433	77.0699	58.4779
434	77.0659	58.4779
435	77.0619	58.4779
436	77.058	58.4779
437	77.0542	58.4779
438	77.0505	58.4779
439	77.0468	58.4779
440	77.0431	58.4779
441	77.0396	58.4779
442	77.0361	58.4779
443	77.0326	58.4779
444	77.0292	58.4779
445	77.0259	58.4779
446	77.0226	58.4779
447	77.0194	58.4779
448	77.0162	58.4779
449	77.0131	58.4779
450	77.0101	58.4779
451	77.0071	58.4779
452	77.0041	58.4779
453	77.0012	58.4779
454	76.9984	58.4779
455	76.9957	58.4779
456	76.9929	58.4779
457	76.9903	58.4779
458	76.9877	58.4779
459	76.9851	58.4779
460	76.9826	58.4779
461	76.9802	58.4779
462	76.9778	58.4779
463	76.9754	58.4779
464	76.9731	58.4779
465	76.9709	58.4779
466	76.9687	58.4779
467	76.9665	58.4779
468	76.9645	58.4779
469	76.9624	58.4779
470	76.9604	58.4779
471	76.9585	58.4779
472	76.9566	58.4779
473	76.9548	58.4779
474	76.953	58.4779
475	76.9512	58.4779
476	76.9495	58.4779
477	76.9479	58.4779
478	76.9463	58.4779
479	76.9447	58.4779
480	76.9432	58.4779
481	76.9418	58.4779
482	76.9404	58.4779
483	76.939	58.4779
484	76.9377	58.4779
485	76.9364	58.4779
486	76.9352	58.4779
487	76.934	58.4779
488	76.9329	58.4779
489	76.9318	58.4779
490	76.9307	58.4779
491	76.9297	58.4779
492	76.9287	58.4779
493	76.9278	58.4779
494	76.927	58.4779
495	76.9261	58.4779
496	76.9253	58.4779
497	76.9246	58.4779
498	76.9239	58.4779
499	76.9232	58.4779
500	76.9226	58.4779
501	76.922	58.4779
502	76.9215	58.4779
503	76.921	58.4779
504	76.9205	58.4779
505	76.9201	58.4779
506	76.9198	58.4779
507	76.9194	58.4779
508	76.9191	58.4779
509	76.9189	58.4779
510	76.9186	58.4779
511	76.9185	58.4779
512	76.9183	58.4779
513	76.9182	58.4779
514	76.9182	58.4779
515	76.9181	58.4779
516	76.9181	58.4779
517	76.9182	58.4779
518	76.9183	58.4779
519	76.9184	58.4779
520	76.9185	58.4779
521	76.9187	58.4779
522	76.919	58.4779
523	76.9192	58.4779
524	76.9195	58.4779
525	76.9198	58.4779
526	76.9202	58.4779
527	76.9206	58.4779
528	76.921	58.4779
529	76.9215	58.4779
530	76.922	58.4779
531	76.9225	58.4779
532	76.9231	58.4779
533	76.9236	58.4779
534	76.9243	58.4779
535	76.9249	58.4779
536	76.9256	58.4779
537	76.9263	58.4779
538	76.927	58.4779
539	76.9278	58.4779
540	76.9286	58.4779
541	76.9294	58.4779
542	76.9303	58.4779
543	76.9312	58.4779
544	76.9321	58.4779
545	76.933	58.4779
546	76.934	58.4779
547	76.9349	58.4779
548	76.9359	58.4779
549	76.937	58.4779
550	76.938	58.4779
551	76.9391	58.4779
552	76.9402	58.4779
553	76.9413	58.4779
554	76.9425	58.4779
555	76.9436	58.4779
556	76.9448	58.4779
557	76.946	58.4779
558	76.9473	58.4779
559	76.9485	58.4779
560	76.9498	58.4779
561	76.951	58.4779
562	76.9523	58.4779
563	76.9536	58.4779
564	76.955	58.4779
565	76.9563	58.4779
566	76.9577	58.4779
567	76.9591	58.4779
568	76.9604	58.4779
569	76.9618	58.4779
570	76.9633	58.4779
571	76.9647	58.4779
572	76.9661	58.4779
573	76.9676	58.4779
574	76.969	58.4779
575	76.9705	58.4779
576	76.972	58.4779
577	76.9734	58.4779
578	76.9749	58.4779
579	76.9764	58.4779
580	76.9779	58.4779
581	76.9794	58.4779
582	76.9809	58.4779
583	76.9825	58.4779
584	76.984	58.4779
585	76.9855	58.4779
586	76.987	58.4779
587	76.9885	58.4779
588	76.9901	58.4779
589	76.9916	58.4779
590	76.9931	58.4779
591	76.9947	58.4779
592	76.9962	58.4779
593	76.9977	58.4779
594	76.9992	58.4779
595	77.0007	58.4779
596	77.0023	58.4779
597	77.0038	58.4779
598	77.0053	58.4779
599	77.0068	58.4779
600	77.0082	58.4779
601	77.0097	58.4779
602	77.0112	58.4779
603	77.0127	58.4779
604	77.0141	58.4779
605	77.0156	58.4779
606	77.017	58.4779
607	77.0184	58.4779
608	77.0199	58.4779
609	77.0213	58.4779
610	77.0227	58.4779
611	77.024	58.4779
612	77.0254	58.4779
613	77.0268	58.4779
614	77.0281	58.4779
615	77.0294	58.4779
616	77.0307	58.4779
617	77.032	58.4779
618	77.0333	58.4779
619	77.0346	58.4779
620	77.0358	58.4779
621	77.037	58.4779
622	77.0382	58.4779
623	77.0394	58.4779
624	77.0406	58.4779
625	77.0417	58.4779
626	77.0429	58.4779
627	77.044	58.4779
628	77.0451	58.4779
629	77.0461	58.4779
630	77.0472	58.4779
631	77.0482	58.4779
632	77.0492	58.4779
633	77.0501	58.4779
634	77.0511	58.4779
635	77.052	58.4779
636	77.0529	58.4779
637	77.0538	58.4779
638	77.0547	58.4779
639	77.0555	58.4779
640	77.0563	58.4779
641	77.0571	58.4779
642	77.0578	58.4779
643	77.0585	58.4779
644	77.0592	58.4779
645	77.0599	58.4779
646	77.0605	58.4779
647	77.0611	58.4779
648	77.0617	58.4779
649	77.0622	58.4779
650	77.0628	58.4779
651	77.0632	58.4779
652	77.0637	58.4779
653	77.0641	58.4779
654	77.0645	58.4779
655	77.0649	58.4779
656	77.0652	58.4779
657	77.0655	58.4779
658	77.0658	58.4779
659	77.066	58.4779
660	77.0662	58.4779
661	77.0664	58.4779
662	77.0665	58.4779
663	77.0666	58.4779
664	77.0667	58.4779
665	77.0667	58.4779
666	77.0667	58.4779
667	77.0667	58.4779
668	77.0666	58.4779
669	77.0665	58.4779
670	77.0664	58.4779
671	77.0662	58.4779
672	77.066	58.4779
673	77.0657	58.4779
674	77.0654	58.4779
675	77.0651	58.4779
676	77.0647	58.4779
677	77.0643	58.4779
678	77.0638	58.4779
679	77.0633	58.4779
680	77.0628	58.4779
681	77.0622	58.4779
682	77.0616	58.4779
683	77.061	58.4779
684	77.0603	58.4779
685	77.0595	58.4779
686	77.0588	58.4779
687	77.0579	58.4779
688	77.0571	58.4779
689	77.0562	58.4779
690	77.0552	58.4779
691	77.0542	58.4779
692	77.0532	58.4779
693	77.0521	58.4779
694	77.051	58.4779
695	77.0498	58.4779
696	77.0486	58.4779
697	77.0473	58.4779
698	77.046	58.4779
699	77.0446	58.4779
700	77.0432	58.4779
701	77.0418	58.4779
702	77.0403	58.4779
703	77.0387	58.4779
704	77.0371	58.4779
705	77.0355	58.4779
706	77.0338	58.4779
707	77.032	58.4779
708	77.0302	58.4779
709	77.0284	58.4779
710	77.0265	58.4779
711	77.0246	58.4779
712	77.0226	58.4779
713	77.0205	58.4779
714	77.0184	58.4779
715	77.0163	58.4779
716	77.0141	58.4779
717	77.0118	58.4779
718	77.0095	58.4779
719	77.0072	58.4779
720	77.0048	58.4779
721	77.0023	58.4779
722	76.9998	58.4779
723	76.9972	58.4779
724	76.9946	58.4779
725	76.9919	58.4779
726	76.9892	58.4779
727	76.9864	58.4779
728	76.9836	58.4779
729	76.9807	58.4779
730	76.9778	58.4779
731	76.9748	58.4779
732	76.9718	58.4779
733	76.9687	58.4779
734	76.9655	58.4779
735	76.9623	58.4779
736	76.9591	58.4779
737	76.9558	58.4779
738	76.9525	58.4779
739	76.9491	58.4779
740	76.9457	58.4779
741	76.9422	58.4779
742	76.9386	58.4779
743	76.935	58.4779
744	76.9314	58.4779
745	76.9277	58.4779
746	76.924	58.4779
747	76.9203	58.4779
748	76.9165	58.4779
749	76.9126	58.4779
750	76.9087	58.4779
751	76.9048	58.4779
752	76.9008	58.4779
753	76.8968	58.4779
754	76.8928	58.4779
755	76.8887	58.4779
756	76.8846	58.4779
757	76.8804	58.4779
758	76.8762	58.4779
759	76.872	58.4779
760	76.8678	58.4779
761	76.8635	58.4779
762	76.8592	58.4779
763	76.8549	58.4779
764	76.8505	58.4779
765	76.8461	58.4779
766	76.8417	58.4779
767	76.8373	58.4779
768	76.8329	58.4779
769	76.8284	58.4779
770	76.8239	58.4779
771	76.8195	58.4779
772	76.815	58.4779
773	76.8104	58.4779
774	76.8059	58.4779
775	76.8014	58.4779
776	76.7969	58.4779
777	76.7923	58.4779
778	76.7878	58.4779
779	76.7832	58.4779
780	76.7787	58.4779
781	76.7741	58.4779
782	76.7696	58.4779
783	76.765	58.4779
784	76.7605	58.4779
785	76.756	58.4779
786	76.7514	58.4779
787	76.7469	58.4779
788	76.7424	58.4779
789	76.7379	58.4779
790	76.7334	58.4779
791	76.7289	58.4779
792	76.7245	58.4779
793	76.72	58.4779
794	76.7156	58.4779
795	76.7112	58.4779
796	76.7068	58.4779
797	76.7024	58.4779
798	76.698	58.4779
799	76.6937	58.4779
800	76.6894	58.4779
801	76.6851	58.4779
802	76.6808	58.4779
803	76.6765	58.4779
804	76.6723	58.4779
805	76.6681	58.4779
806	76.6639	58.4779
807	76.6597	58.4779
808	76.6555	58.4779
809	76.6514	58.4779
810	76.6473	58.4779
811	76.6432	58.4779
812	76.6391	58.4779
813	76.6351	58.4779
814	76.6311	58.4779
815	76.6271	58.4779
816	76.6231	58.4779
817	76.6191	58.4779
818	76.6152	58.4779
819	76.6112	58.4779
820	76.6073	58.4779
821	76.6034	58.4779
822	76.5995	58.4779
823	76.5957	58.4779
824	76.5918	58.4779
825	76.588	58.4779
826	76.5841	58.4779
827	76.5803	58.4779
828	76.5764	58.4779
829	76.5726	58.4779
830	76.5688	58.4779
831	76.565	58.4779
832	76.5611	58.4779
833	76.5573	58.4779
834	76.5534	58.4779
835	76.5496	58.4779
836	76.5457	58.4779
837	76.5418	58.4779
838	76.5379	58.4779
839	76.534	58.4779
840	76.53	58.4779
841	76.526	58.4779
842	76.522	58.4779
843	76.5179	58.4779
844	76.5138	58.4779
845	76.5097	58.4779
846	76.5055	58.4779
847	76.5012	58.4779
848	76.4969	58.4779
849	76.4926	58.4779
850	76.4882	58.4779
851	76.4837	58.4779
852	76.4791	58.4779
853	76.4744	58.4779
854	76.4697	58.4779
855	76.4649	58.4779
856	76.46	58.4779
857	76.455	58.4779
858	76.4499	58.4779
859	76.4447	58.4779
860	76.4394	58.4779
861	76.4341	58.4779
862	76.4286	58.4779
863	76.423	58.4779
864	76.4172	58.4779
865	76.4114	58.4779
866	76.4055	58.4779
867	76.3994	58.4779
868	76.3932	58.4779
869	76.3869	58.4779
870	76.3805	58.4779
871	76.374	58.4779
872	76.3674	58.4779
873	76.3606	58.4779
874	76.3538	58.4779
875	76.3468	58.4779
876	76.3398	58.4779
877	76.3326	58.4779
878	76.3254	58.4779
879	76.318	58.4779
880	76.3106	58.4779
881	76.3032	58.4779
882	76.2956	58.4779
883	76.288	58.4779
884	76.2804	58.4779
885	76.2727	58.4779
886	76.265	58.4779
887	76.2572	58.4779
888	76.2495	58.4779
889	76.2417	58.4779
890	76.2339	58.4779
891	76.2261	58.4779
892	76.2184	58.4779
893	76.2107	58.4779
894	76.203	58.4779
895	76.1953	58.4779
896	76.1877	58.4779
897	76.1801	58.4779
898	76.1726	58.4779
899	76.1652	58.4779
900	76.1578	58.4779
901	76.1505	58.4779
902	76.1432	58.4779
903	76.136	58.4779
904	76.129	58.4779
905	76.122	58.4779
906	76.115	58.4779
907	76.1082	58.4779
908	76.1015	58.4779
909	76.0948	58.4779
910	76.0882	58.4779
911	76.0817	58.4779
912	76.0753	58.4779
913	76.069	58.4779
914	76.0628	58.4779
915	76.0566	58.4779
916	76.0506	58.4779
917	76.0446	58.4779
918	76.0387	58.4779
919	76.0329	58.4779
920	76.0271	58.4779
921	76.0214	58.4779
922	76.0159	58.4779
923	76.0103	58.4779
924	76.0049	58.4779
925	75.9995	58.4779
926	75.9942	58.4779
927	75.989	58.4779
928	75.9838	58.4779
929	75.9787	58.4779
930	75.9737	58.4779
931	75.9687	58.4779
932	75.9638	58.4779
933	75.959	58.4779
934	75.9542	58.4779
935	75.9494	58.4779
936	75.9447	58.4779
937	75.9401	58.4779
938	75.9355	58.4779
939	75.931	58.4779
940	75.9265	58.4779
941	75.922	58.4779
942	75.9176	58.4779
943	75.9133	58.4779
944	75.909	58.4779
945	75.9047	58.4779
946	75.9005	58.4779
947	75.8963	58.4779
948	75.8921	58.4779
949	75.888	58.4779
950	75.8839	58.4779
951	75.8799	58.4779
952	75.8758	58.4779
953	75.8718	58.4779
954	75.8679	58.4779
955	75.8639	58.4779
956	75.86	58.4779
957	75.8561	58.4779
958	75.8523	58.4779
959	75.8484	58.4779
960	75.8446	58.4779
961	75.8408	58.4779
962	75.837	58.4779
963	75.8332	58.4779
964	75.8295	58.4779
965	75.8257	58.4779
966	75.822	58.4779
967	75.8183	58.4779
968	75.8146	58.4779
969	75.8109	58.4779
970	75.8072	58.4779
971	75.8036	58.4779
972	75.7999	58.4779
973	75.7962	58.4779
974	75.7926	58.4779
975	75.7889	58.4779
976	75.7853	58.4779
977	75.7816	58.4779
978	75.778	58.4779
979	75.7743	58.4779
980	75.7707	58.4779
981	75.767	58.4779
982	75.7634	58.4779
983	75.7597	58.4779
984	75.7561	58.4779
985	75.7524	58.4779
986	75.7487	58.4779
987	75.745	58.4779
988	75.7414	58.4779
989	75.7377	58.4779
990	75.734	58.4779
991	75.7302	58.4779
992	75.7265	58.4779
993	75.7228	58.4779
994	75.719	58.4779
995	75.7152	58.4779
996	75.7115	58.4779
997	75.7077	58.4779
998	75.7038	58.4779
999	75.7	58.4779
1000	75.6962	58.4779
1001	75.6923	58.4779
1002	75.6884	58.4779
1003	75.6845	58.4779
1004	75.6806	58.4779
1005	75.6767	58.4779
1006	75.6727	58.4779
1007	75.6688	58.4779
1008	75.6648	58.4779
1009	75.6608	58.4779
1010	75.6568	58.4779
1011	75.6527	58.4779
1012	75.6486	58.4779
1013	75.6446	58.4779
1014	75.6405	58.4779
1015	75.6363	58.4779
1016	75.6322	58.4779
1017	75.6281	58.4779
1018	75.6239	58.4779
1019	75.6197	58.4779
1020	75.6155	58.4779
1021	75.6113	58.4779
1022	75.6071	58.4779
1023	75.6029	58.4779
1024	75.5986	58.4779
1025	75.5944	58.4779
1026	75.5902	58.4779
1027	75.5859	58.4779
1028	75.5817	58.4779
1029	75.5774	58.4779
1030	75.5732	58.4779
1031	75.569	58.4779
1032	75.5648	58.4779
1033	75.5606	58.4779
1034	75.5564	58.4779
1035	75.5522	58.4779
1036	75.5481	58.4779
1037	75.544	58.4779
1038	75.5399	58.4779
1039	75.5359	58.4779
1040	75.5319	58.4779
1041	75.528	58.4779
1042	75.5241	58.4779
1043	75.5202	58.4779
1044	75.5164	58.4779
1045	75.5126	58.4779
1046	75.5089	58.4779
1047	75.5052	58.4779
1048	75.5016	58.4779
1049	75.498	58.4779
1050	75.4945	58.4779
1051	75.491	58.4779
1052	75.4876	58.4779
1053	75.4842	58.4779
1054	75.4808	58.4779
1055	75.4775	58.4779
1056	75.4742	58.4779
1057	75.471	58.4779
1058	75.4678	58.4779
1059	75.4646	58.4779
1060	75.4614	58.4779
1061	75.4583	58.4779
1062	75.4551	58.4779
1063	75.452	58.4779
1064	75.4489	58.4779
1065	75.4457	58.4779
1066	75.4426	58.4779
1067	75.4394	58.4779
1068	75.4363	58.4779
1069	75.4331	58.4779
1070	75.4298	58.4779
1071	75.4265	58.4779
1072	75.4232	58.4779
1073	75.4199	58.4779
1074	75.4164	58.4779
1075	75.4129	58.4779
1076	75.4094	58.4779
1077	75.4058	58.4779
1078	75.4021	58.4779
1079	75.3983	58.4779
1080	75.3945	58.4779
1081	75.3906	58.4779
1082	75.3867	58.4779
1083	75.3827	58.4779
1084	75.3787	58.4779
1085	75.3747	58.4779
1086	75.3707	58.4779
1087	75.3668	58.4779
1088	75.363	58.4779
1089	75.3593	58.4779
1090	75.3557	58.4779
1091	75.3518	58.4779
1092	75.3467	58.4779
1093	75.3428	58.4779
1094	75.3408	58.4779
1095	75.3396	58.4779
1096	75.3414	58.4779
1097	75.3449	58.4779
1098	75.349	58.4779
1099	75.3537	58.4779
1100	75.3591	58.4779
1101	75.3654	58.4779
1102	75.3723	58.4779
1103	75.3798	58.4779
1104	75.3877	58.4779
1105	75.3957	58.4779
1106	75.4038	58.4779
1107	75.4117	58.4779
1108	75.4195	58.4779
1109	75.427	58.4779
1110	75.4342	58.4779
1111	75.441	58.4779
1112	75.4473	58.4779
1113	75.4532	58.4779
1114	75.4586	58.4779
1115	75.4634	58.4779
1116	75.4677	58.4779
1117	75.4714	58.4779
1118	75.4746	58.4779
1119	75.4771	58.4779
1120	75.4791	58.4779
1121	75.4804	58.4779
1122	75.4811	58.4779
1123	75.4811	58.4779
1124	75.4805	58.4779
1125	75.4792	58.4779
1126	75.4772	58.4779
1127	75.4746	58.4779
1128	75.4713	58.4779
1129	75.4673	58.4779
1130	75.4627	58.4779
1131	75.4574	58.4779
1132	75.4514	58.4779
1133	75.4447	58.4779
1134	75.4375	58.4779
1135	75.4296	58.4779
1136	75.4211	58.4779
1137	75.412	58.4779
1138	75.4023	58.4779
1139	75.3921	58.4779
1140	75.3814	58.4779
1141	75.3702	58.4779
1142	75.3585	58.4779
1143	75.3464	58.4779
1144	75.3339	58.4779
1145	75.321	58.4779
1146	75.3078	58.4779
1147	75.2943	58.4779
1148	75.2805	58.4779
1149	75.2665	58.4779
1150	75.2524	58.4779
1151	75.2383	58.4779
1152	75.2241	58.4779
1153	75.21	58.4779
1154	75.1961	58.4779
1155	75.1825	58.4779
1156	75.1693	58.4779
1157	75.1567	58.4779
1158	75.1447	58.4779
1159	75.1334	58.4779
1160	75.123	58.4779
1161	75.1135	58.4779
1162	75.1049	58.4779
1163	75.0972	58.4779
1164	75.0904	58.4779
1165	75.0845	58.4779
1166	75.0793	58.4779
1167	75.0748	58.4779
1168	75.0709	58.4779
1169	75.0675	58.4779
1170	75.0644	58.4779
1171	75.0616	58.4779
1172	75.059	58.4779
1173	75.0565	58.4779
1174	75.054	58.4779
1175	75.0515	58.4779
1176	75.049	58.4779
1177	75.0464	58.4779
1178	75.0437	58.4779
1179	75.0408	58.4779
1180	75.0378	58.4779
1181	75.0348	58.4779
1182	75.0316	58.4779
1183	75.0283	58.4779
1184	75.0249	58.4779
1185	75.0214	58.4779
1186	75.0179	58.4779
1187	75.0144	58.4779
1188	75.0108	58.4779
1189	75.0073	58.4779
1190	75.0038	58.4779
1191	75.0002	58.4779
1192	74.9968	58.4779
1193	74.9933	58.4779
1194	74.9899	58.4779
1195	74.9866	58.4779
1196	74.9834	58.4779
1197	74.9803	58.4779
1198	74.9772	58.4779
1199	74.9742	58.4779
1200	74.9714	58.4779
1201	74.9686	58.4779
1202	74.9659	58.4779
1203	74.9633	58.4779
1204	74.9609	58.4779
1205	74.9585	58.4779
1206	74.9563	58.4779
1207	74.9541	58.4779
1208	74.9521	58.4779
1209	74.9502	58.4779
1210	74.9483	58.4779
1211	74.9466	58.4779
1212	74.945	58.4779
1213	74.9435	58.4779
1214	74.9421	58.4779
1215	74.9408	58.4779
1216	74.9396	58.4779
1217	74.9385	58.4779
1218	74.9374	58.4779
1219	74.9365	58.4779
1220	74.9357	58.4779
1221	74.9349	58.4779
1222	74.9343	58.4779
1223	74.9337	58.4779
1224	74.9332	58.4779
1225	74.9328	58.4779
1226	74.9325	58.4779
1227	74.9322	58.4779
1228	74.9321	58.4779
1229	74.932	58.4779
1230	74.932	58.4779
1231	74.932	58.4779
1232	74.9322	58.4779
1233	74.9324	58.4779
1234	74.9326	58.4779
1235	74.9329	58.4779
1236	74.9333	58.4779
1237	74.9338	58.4779
1238	74.9343	58.4779
1239	74.9349	58.4779
1240	74.9355	58.4779
1241	74.9362	58.4779
1242	74.937	58.4779
1243	74.9378	58.4779
1244	74.9386	58.4779
1245	74.9395	58.4779
1246	74.9405	58.4779
1247	74.9415	58.4779
1248	74.9425	58.4779
1249	74.9437	58.4779
1250	74.9448	58.4779
1251	74.946	58.4779
1252	74.9472	58.4779
1253	74.9485	58.4779
1254	74.9498	58.4779
1255	74.9512	58.4779
1256	74.9526	58.4779
1257	74.954	58.4779
1258	74.9555	58.4779
1259	74.957	58.4779
1260	74.9586	58.4779
1261	74.9601	58.4779
1262	74.9618	58.4779
1263	74.9634	58.4779
1264	74.9651	58.4779
1265	74.9668	58.4779
1266	74.9686	58.4779
1267	74.9703	58.4779
1268	74.9721	58.4779
1269	74.974	58.4779
1270	74.9758	58.4779
1271	74.9777	58.4779
1272	74.9796	58.4779
1273	74.9816	58.4779
1274	74.9835	58.4779
1275	74.9855	58.4779
1276	74.9876	58.4779
1277	74.9896	58.4779
1278	74.9917	58.4779
1279	74.9937	58.4779
1280	74.9958	58.4779
1281	74.998	58.4779
1282	75.0001	58.4779
1283	75.0023	58.4779
1284	75.0045	58.4779
1285	75.0067	58.4779
1286	75.0089	58.4779
1287	75.0112	58.4779
1288	75.0135	58.4779
1289	75.0157	58.4779
1290	75.018	58.4779
1291	75.0204	58.4779
1292	75.0227	58.4779
1293	75.0251	58.4779
1294	75.0274	58.4779
1295	75.0298	58.4779
1296	75.0322	58.4779
1297	75.0346	58.4779
1298	75.0371	58.4779
1299	75.0395	58.4779
1300	75.042	58.4779
1301	75.0445	58.4779
1302	75.047	58.4779
1303	75.0495	58.4779
1304	75.052	58.4779
1305	75.0545	58.4779
1306	75.057	58.4779
1307	75.0596	58.4779
1308	75.0622	58.4779
1309	75.0647	58.4779
1310	75.0673	58.4779
1311	75.0699	58.4779
1312	75.0726	58.4779
1313	75.0752	58.4779
1314	75.0778	58.4779
1315	75.0805	58.4779
1316	75.0831	58.4779
1317	75.0858	58.4779
1318	75.0885	58.4779
1319	75.0911	58.4779
1320	75.0938	58.4779
1321	75.0966	58.4779
1322	75.0993	58.4779
1323	75.102	58.4779
1324	75.1047	58.4779
1325	75.1075	58.4779
1326	75.1102	58.4779
1327	75.113	58.4779
1328	75.1158	58.4779
1329	75.1185	58.4779
1330	75.1213	58.4779
1331	75.1241	58.4779
1332	75.1269	58.4779
1333	75.1297	58.4779
1334	75.1325	58.4779
1335	75.1354	58.4779
1336	75.1382	58.4779
1337	75.141	58.4779
1338	75.1439	58.4779
1339	75.1467	58.4779
1340	75.1496	58.4779
1341	75.1525	58.4779
1342	75.1553	58.4779
1343	75.1582	58.4779
1344	75.1611	58.4779
1345	75.164	58.4779
1346	75.1669	58.4779
1347	75.1698	58.4779
1348	75.1727	58.4779
1349	75.1756	58.4779
1350	75.1786	58.4779
1351	75.1815	58.4779
1352	75.1844	58.4779
1353	75.1874	58.4779
1354	75.1903	58.4779
1355	75.1933	58.4779
1356	75.1962	58.4779
1357	75.1992	58.4779
1358	75.2022	58.4779
1359	75.2051	58.4779
1360	75.2081	58.4779
1361	75.2111	58.4779
1362	75.2141	58.4779
1363	75.2171	58.4779
1364	75.2201	58.4779
1365	75.2231	58.4779
1366	75.2261	58.4779
1367	75.2291	58.4779
1368	75.2321	58.4779
1369	75.2351	58.4779
1370	75.2382	58.4779
1371	75.2412	58.4779
1372	75.2442	58.4779
1373	75.2473	58.4779
1374	75.2503	58.4779
1375	75.2534	58.4779
1376	75.2564	58.4779
1377	75.2595	58.4779
1378	75.2625	58.4779
1379	75.2656	58.4779
1380	75.2686	58.4779
1381	75.2717	58.4779
1382	75.2748	58.4779
1383	75.2779	58.4779
1384	75.2809	58.4779
1385	75.284	58.4779
1386	75.2871	58.4779
1387	75.2902	58.4779
1388	75.2933	58.4779
1389	75.2964	58.4779
1390	75.2995	58.4779
1391	75.3026	58.4779
1392	75.3057	58.4779
1393	75.3088	58.4779
1394	75.3119	58.4779
1395	75.315	58.4779
1396	75.3181	58.4779
1397	75.3212	58.4779
1398	75.3244	58.4779
1399	75.3275	58.4779
1400	75.3306	58.4779
1401	75.3337	58.4779
1402	75.3369	58.4779
1403	75.34	58.4779
1404	75.3431	58.4779
1405	75.3463	58.4779
1406	75.3494	58.4779
1407	75.3526	58.4779
1408	75.3557	58.4779
1409	75.3589	58.4779
1410	75.362	58.4779
1411	75.3652	58.4779
1412	75.3683	58.4779
1413	75.3715	58.4779
1414	75.3746	58.4779
1415	75.3778	58.4779
1416	75.381	58.4779
1417	75.3841	58.4779
1418	75.3873	58.4779
1419	75.3905	58.4779
1420	75.3936	58.4779
1421	75.3968	58.4779
1422	75.4	58.4779
1423	75.4032	58.4779
1424	75.4063	58.4779
1425	75.4095	58.4779
1426	75.4127	58.4779
1427	75.4159	58.4779
1428	75.4191	58.4779
1429	75.4222	58.4779
1430	75.4254	58.4779
1431	75.4286	58.4779
1432	75.4318	58.4779
1433	75.435	58.4779
1434	75.4382	58.4779
1435	75.4414	58.4779
1436	75.4446	58.4779
1437	75.4478	58.4779
1438	75.451	58.4779
1439	75.4542	58.4779
1440	75.4574	58.4779
1441	75.4606	58.4779
1442	75.4638	58.4779
1443	75.467	58.4779
1444	75.4702	58.4779
1445	75.4734	58.4779
1446	75.4766	58.4779
1447	75.4798	58.4779
1448	75.483	58.4779
1449	75.4862	58.4779
1450	75.4894	58.4779
1451	75.4926	58.4779
1452	75.4958	58.4779
1453	75.499	58.4779
1454	75.5022	58.4779
1455	75.5054	58.4779
1456	75.5086	58.4779
1457	75.5119	58.4779
1458	75.5151	58.4779
1459	75.5183	58.4779
1460	75.5215	58.4779
1461	75.5247	58.4779
1462	75.5279	58.4779
1463	75.5311	58.4779
1464	75.5343	58.4779
1465	75.5376	58.4779
1466	75.5408	58.4779
1467	75.544	58.4779
1468	75.5472	58.4779
1469	75.5504	58.4779
1470	75.5536	58.4779
1471	75.5568	58.4779
1472	75.5601	58.4779
1473	75.5633	58.4779
1474	75.5665	58.4779
1475	75.5697	58.4779
1476	75.5729	58.4779
1477	75.5761	58.4779
1478	75.5794	58.4779
1479	75.5826	58.4779
1480	75.5858	58.4779
1481	75.589	58.4779
1482	75.5922	58.4779
1483	75.5954	58.4779
1484	75.5986	58.4779
1485	75.6018	58.4779
1486	75.6051	58.4779
1487	75.6083	58.4779
1488	75.6115	58.4779
1489	75.6147	58.4779
1490	75.6179	58.4779
1491	75.6211	58.4779
1492	75.6243	58.4779
1493	75.6275	58.4779
1494	75.6307	58.4779
1495	75.6339	58.4779
1496	75.6372	58.4779
1497	75.6404	58.4779
1498	75.6436	58.4779
1499	75.6468	58.4779
1500	75.65	58.4779
1501	75.6532	58.4779
1502	75.6564	58.4779
1503	75.6596	58.4779
1504	75.6628	58.4779
1505	75.666	58.4779
1506	75.6692	58.4779
1507	75.6724	58.4779
1508	75.6756	58.4779
1509	75.6788	58.4779
1510	75.682	58.4779
1511	75.6852	58.4779
1512	75.6884	58.4779
1513	75.6916	58.4779
1514	75.6947	58.4779
1515	75.6979	58.4779
1516	75.7011	58.4779
1517	75.7043	58.4779
1518	75.7075	58.4779
1519	75.7107	58.4779
1520	75.7139	58.4779
1521	75.7171	58.4779
1522	75.7202	58.4779
1523	75.7234	58.4779
1524	75.7266	58.4779
1525	75.7298	58.4779
1526	75.733	58.4779
1527	75.7361	58.4779
1528	75.7393	58.4779
1529	75.7425	58.4779
1530	75.7457	58.4779
1531	75.7488	58.4779
1532	75.752	58.4779
1533	75.7552	58.4779
1534	75.7583	58.4779
1535	75.7615	58.4779
1536	75.7647	58.4779
1537	75.7678	58.4779
1538	75.771	58.4779
1539	75.7742	58.4779
1540	75.7773	58.4779
1541	75.7805	58.4779
1542	75.7836	58.4779
1543	75.7868	58.4779
1544	75.7899	58.4779
1545	75.7931	58.4779
1546	75.7963	58.4779
1547	75.7994	58.4779
1548	75.8026	58.4779
1549	75.8057	58.4779
1550	75.8088	58.4779
1551	75.812	58.4779
1552	75.8151	58.4779
1553	75.8183	58.4779
1554	75.8214	58.4779
1555	75.8246	58.4779
1556	75.8277	58.4779
1557	75.8308	58.4779
1558	75.834	58.4779
1559	75.8371	58.4779
1560	75.8402	58.4779
1561	75.8434	58.4779
1562	75.8465	58.4779
1563	75.8496	58.4779
1564	75.8527	58.4779
1565	75.8559	58.4779
1566	75.859	58.4779
1567	75.8621	58.4779
1568	75.8652	58.4779
1569	75.8683	58.4779
1570	75.8715	58.4779
1571	75.8746	58.4779
1572	75.8777	58.4779
1573	75.8808	58.4779
1574	75.8839	58.4779
1575	75.887	58.4779
1576	75.8901	58.4779
1577	75.8932	58.4779
1578	75.8963	58.4779
1579	75.8994	58.4779
1580	75.9025	58.4779
1581	75.9056	58.4779
1582	75.9087	58.4779
1583	75.9118	58.4779
1584	75.9149	58.4779
1585	75.918	58.4779
1586	75.9211	58.4779
1587	75.9242	58.4779
1588	75.9273	58.4779
1589	75.9304	58.4779
1590	75.9335	58.4779
1591	75.9366	58.4779
1592	75.9396	58.4779
1593	75.9427	58.4779
1594	75.9458	58.4779
1595	75.9489	58.4779
1596	75.952	58.4779
1597	75.955	58.4779
1598	75.9581	58.4779
1599	75.9612	58.4779
1600	75.9643	58.4779
1601	75.9673	58.4779
1602	75.9704	58.4779
1603	75.9735	58.4779
1604	75.9765	58.4779
1605	75.9796	58.4779
1606	75.9826	58.4779
1607	75.9857	58.4779
1608	75.9888	58.4779
1609	75.9918	58.4779
1610	75.9949	58.4779
1611	75.9979	58.4779
1612	76.001	58.4779
1613	76.004	58.4779
1614	76.0071	58.4779
1615	76.0101	58.4779
1616	76.0132	58.4779
1617	76.0162	58.4779
1618	76.0193	58.4779
1619	76.0223	58.4779
1620	76.0254	58.4779
1621	76.0284	58.4779
1622	76.0315	58.4779
1623	76.0345	58.4779
1624	76.0375	58.4779
1625	76.0406	58.4779
1626	76.0436	58.4779
1627	76.0466	58.4779
1628	76.0497	58.4779
1629	76.0527	58.4779
1630	76.0557	58.4779
1631	76.0587	58.4779
1632	76.0618	58.4779
1633	76.0648	58.4779
1634	76.0678	58.4779
1635	76.0708	58.4779
1636	76.0739	58.4779
1637	76.0769	58.4779
1638	76.0799	58.4779
1639	76.0829	58.4779
1640	76.0859	58.4779
1641	76.0889	58.4779
1642	76.092	58.4779
1643	76.095	58.4779
1644	76.098	58.4779
1645	76.101	58.4779
1646	76.104	58.4779
1647	76.107	58.4779
1648	76.11	58.4779
1649	76.113	58.4779
1650	76.116	58.4779
1651	76.119	58.4779
1652	76.122	58.4779
1653	76.125	58.4779
1654	76.128	58.4779
1655	76.131	58.4779
1656	76.134	58.4779
1657	76.137	58.4779
1658	76.14	58.4779
1659	76.143	58.4779
1660	76.146	58.4779
1661	76.1489	58.4779
1662	76.1519	58.4779
1663	76.1549	58.4779
1664	76.1579	58.4779
1665	76.1609	58.4779
1666	76.1639	58.4779
1667	76.1668	58.4779
1668	76.1698	58.4779
1669	76.1728	58.4779
1670	76.1758	58.4779
1671	76.1787	58.4779
1672	76.1817	58.4779
1673	76.1847	58.4779
1674	76.1877	58.4779
1675	76.1906	58.4779
1676	76.1936	58.4779
1677	76.1966	58.4779
1678	76.1995	58.4779
1679	76.2025	58.4779
1680	76.2055	58.4779
1681	76.2084	58.4779
1682	76.2114	58.4779
1683	76.2144	58.4779
1684	76.2173	58.4779
1685	76.2203	58.4779
1686	76.2232	58.4779
1687	76.2262	58.4779
1688	76.2291	58.4779
1689	76.2321	58.4779
1690	76.235	58.4779
1691	76.238	58.4779
1692	76.2409	58.4779
1693	76.2439	58.4779
1694	76.2468	58.4779
1695	76.2498	58.4779
1696	76.2527	58.4779
1697	76.2557	58.4779
1698	76.2586	58.4779
1699	76.2615	58.4779
1700	76.2645	58.4779
1701	76.2674	58.4779
1702	76.2704	58.4779
1703	76.2733	58.4779
1704	76.2762	58.4779
1705	76.2792	58.4779
1706	76.2821	58.4779
1707	76.285	58.4779
1708	76.2879	58.4779
1709	76.2909	58.4779
1710	76.2938	58.4779
1711	76.2967	58.4779
1712	76.2996	58.4779
1713	76.3026	58.4779
1714	76.3055	58.4779
1715	76.3084	58.4779
1716	76.3113	58.4779
1717	76.3142	58.4779
1718	76.3172	58.4779
1719	76.3201	58.4779
1720	76.323	58.4779
1721	76.3259	58.4779
1722	76.3288	58.4779
1723	76.3317	58.4779
1724	76.3346	58.4779
1725	76.3375	58.4779
1726	76.3404	58.4779
1727	76.3433	58.4779
1728	76.3462	58.4779
1729	76.3491	58.4779
1730	76.352	58.4779
1731	76.3549	58.4779
1732	76.3578	58.4779
1733	76.3607	58.4779
1734	76.3636	58.4779
1735	76.3665	58.4779
1736	76.3694	58.4779
1737	76.3722	58.4779
1738	76.3751	58.4779
1739	76.378	58.4779
1740	76.3809	58.4779
1741	76.3838	58.4779
1742	76.3867	58.4779
1743	76.3895	58.4779
1744	76.3924	58.4779
1745	76.3953	58.4779
1746	76.3981	58.4779
1747	76.401	58.4779
1748	76.4039	58.4779
1749	76.4067	58.4779
1750	76.4096	58.4779
1751	76.4125	58.4779
1752	76.4153	58.4779
1753	76.4182	58.4779
1754	76.421	58.4779
1755	76.4239	58.4779
1756	76.4267	58.4779
1757	76.4296	58.4779
1758	76.4324	58.4779
1759	76.4353	58.4779
1760	76.4381	58.4779
1761	76.441	58.4779
1762	76.4438	58.4779
1763	76.4467	58.4779
1764	76.4495	58.4779
1765	76.4523	58.4779
1766	76.4551	58.4779
1767	76.458	58.4779
1768	76.4608	58.4779
1769	76.4636	58.4779
1770	76.4664	58.4779
1771	76.4693	58.4779
1772	76.4721	58.4779
1773	76.4749	58.4779
1774	76.4777	58.4779
1775	76.4805	58.4779
1776	76.4833	58.4779
1777	76.4861	58.4779
1778	76.4889	58.4779
1779	76.4917	58.4779
1780	76.4945	58.4779
1781	76.4973	58.4779
1782	76.5001	58.4779
1783	76.5029	58.4779
1784	76.5057	58.4779
1785	76.5085	58.4779
1786	76.5113	58.4779
1787	76.514	58.4779
1788	76.5168	58.4779
1789	76.5196	58.4779
1790	76.5224	58.4779
1791	76.5251	58.4779
1792	76.5279	58.4779
1793	76.5307	58.4779
1794	76.5334	58.4779
1795	76.5362	58.4779
1796	76.5389	58.4779
1797	76.5417	58.4779
1798	76.5444	58.4779
1799	76.5472	58.4779
1800	76.5499	58.4779
1801	76.5527	58.4779
1802	76.5554	58.4779
1803	76.5581	58.4779
1804	76.5609	58.4779
1805	76.5636	58.4779
1806	76.5663	58.4779
1807	76.569	58.4779
1808	76.5718	58.4779
1809	76.5745	58.4779
1810	76.5772	58.4779
1811	76.5799	58.4779
1812	76.5826	58.4779
1813	76.5853	58.4779
1814	76.588	58.4779
1815	76.5907	58.4779
1816	76.5934	58.4779
1817	76.5961	58.4779
1818	76.5988	58.4779
1819	76.6015	58.4779
1820	76.6042	58.4779
1821	76.6069	58.4779
1822	76.6096	58.4779
1823	76.6122	58.4779
1824	76.6149	58.4779
1825	76.6176	58.4779
1826	76.6203	58.4779
1827	76.6229	58.4779
1828	76.6256	58.4779
1829	76.6283	58.4779
1830	76.6309	58.4779
1831	76.6336	58.4779
1832	76.6362	58.4779
1833	76.6389	58.4779
1834	76.6415	58.4779
1835	76.6442	58.4779
1836	76.6468	58.4779
1837	76.6495	58.4779
1838	76.6521	58.4779
1839	76.6548	58.4779
1840	76.6574	58.4779
1841	76.66	58.4779
1842	76.6627	58.4779
1843	76.6653	58.4779
1844	76.6679	58.4779
1845	76.6706	58.4779
1846	76.6732	58.4779
1847	76.6758	58.4779
1848	76.6785	58.4779
1849	76.6811	58.4779
1850	76.6837	58.4779
1851	76.6863	58.4779
1852	76.6889	58.4779
1853	76.6915	58.4779
1854	76.6942	58.4779
1855	76.6968	58.4779
1856	76.6994	58.4779
1857	76.702	58.4779
1858	76.7046	58.4779
1859	76.7072	58.4779
1860	76.7098	58.4779
1861	76.7124	58.4779
1862	76.715	58.4779
1863	76.7176	58.4779
1864	76.7202	58.4779
1865	76.7228	58.4779
1866	76.7254	58.4779
1867	76.728	58.4779
1868	76.7306	58.4779
1869	76.7332	58.4779
1870	76.7358	58.4779
1871	76.7384	58.4779
1872	76.7409	58.4779
1873	76.7435	58.4779
1874	76.7461	58.4779
1875	76.7487	58.4779
1876	76.7513	58.4779
1877	76.7539	58.4779
1878	76.7565	58.4779
1879	76.759	58.4779
1880	76.7616	58.4779
1881	76.7642	58.4779
1882	76.7668	58.4779
1883	76.7694	58.4779
1884	76.7719	58.4779
1885	76.7745	58.4779
1886	76.7771	58.4779
1887	76.7797	58.4779
1888	76.7822	58.4779
1889	76.7848	58.4779
1890	76.7874	58.4779
1891	76.79	58.4779
1892	76.7925	58.4779
1893	76.7951	58.4779
1894	76.7977	58.4779
1895	76.8002	58.4779
1896	76.8028	58.4779
1897	76.8054	58.4779
1898	76.808	58.4779
1899	76.8105	58.4779
1900	76.8131	58.4779
1901	76.8157	58.4779
1902	76.8182	58.4779
1903	76.8208	58.4779
1904	76.8234	58.4779
1905	76.8259	58.4779
1906	76.8285	58.4779
1907	76.8311	58.4779
1908	76.8336	58.4779
1909	76.8362	58.4779
1910	76.8387	58.4779
1911	76.8413	58.4779
1912	76.8439	58.4779
1913	76.8464	58.4779
1914	76.849	58.4779
1915	76.8516	58.4779
1916	76.8541	58.4779
1917	76.8567	58.4779
1918	76.8592	58.4779
1919	76.8618	58.4779
1920	76.8644	58.4779
1921	76.8669	58.4779
1922	76.8695	58.4779
1923	76.8721	58.4779
1924	76.8746	58.4779
1925	76.8772	58.4779
1926	76.8797	58.4779
1927	76.8823	58.4779
1928	76.8849	58.4779
1929	76.8874	58.4779
1930	76.89	58.4779
1931	76.8925	58.4779
1932	76.8951	58.4779
1933	76.8977	58.4779
1934	76.9002	58.4779
1935	76.9028	58.4779
1936	76.9053	58.4779
1937	76.9079	58.4779
1938	76.9104	58.4779
1939	76.913	58.4779
1940	76.9156	58.4779
1941	76.9181	58.4779
1942	76.9207	58.4779
1943	76.9232	58.4779
1944	76.9258	58.4779
1945	76.9284	58.4779
1946	76.9309	58.4779
1947	76.9335	58.4779
1948	76.936	58.4779
1949	76.9386	58.4779
1950	76.9412	58.4779
1951	76.9437	58.4779
1952	76.9463	58.4779
1953	76.9488	58.4779
1954	76.9514	58.4779
1955	76.954	58.4779
1956	76.9565	58.4779
1957	76.9591	58.4779
1958	76.9617	58.4779
1959	76.9642	58.4779
1960	76.9668	58.4779
1961	76.9693	58.4779
1962	76.9719	58.4779
1963	76.9745	58.4779
1964	76.977	58.4779
1965	76.9796	58.4779
1966	76.9822	58.4779
1967	76.9847	58.4779
1968	76.9873	58.4779
1969	76.9899	58.4779
1970	76.9924	58.4779
1971	76.995	58.4779
1972	76.9976	58.4779
1973	77.0001	58.4779
1974	77.0027	58.4779
1975	77.0053	58.4779
1976	77.0078	58.4779
1977	77.0104	58.4779
1978	77.013	58.4779
1979	77.0155	58.4779
1980	77.0181	58.4779
1981	77.0207	58.4779
1982	77.0233	58.4779
1983	77.0258	58.4779
1984	77.0284	58.4779
1985	77.031	58.4779
1986	77.0336	58.4779
1987	77.0361	58.4779
1988	77.0387	58.4779
1989	77.0413	58.4779
1990	77.0439	58.4779
1991	77.0464	58.4779
1992	77.049	58.4779
1993	77.0516	58.4779
1994	77.0542	58.4779
1995	77.0568	58.4779
1996	77.0593	58.4779
1997	77.0619	58.4779
1998	77.0645	58.4779
1999	77.0671	58.4779
2000	77.0697	58.4779
2001	77.0723	58.4779
2002	77.0748	58.4779
2003	77.0774	58.4779
2004	77.08	58.4779
2005	77.0826	58.4779
2006	77.0852	58.4779
2007	77.0878	58.4779
2008	77.0904	58.4779
2009	77.093	58.4779
2010	77.0956	58.4779
2011	77.0982	58.4779
2012	77.1008	58.4779
2013	77.1034	58.4779
2014	77.106	58.4779
2015	77.1086	58.4779
2016	77.1112	58.4779
2017	77.1138	58.4779
2018	77.1164	58.4779
2019	77.119	58.4779
2020	77.1216	58.4779
2021	77.1242	58.4779
2022	77.1268	58.4779
2023	77.1294	58.4779
2024	77.132	58.4779
2025	77.1346	58.4779
2026	77.1373	58.4779
2027	77.1399	58.4779
2028	77.1425	58.4779
2029	77.1451	58.4779
2030	77.1477	58.4779
2031	77.1503	58.4779
2032	77.153	58.4779
2033	77.1556	58.4779
2034	77.1582	58.4779
2035	77.1608	58.4779
2036	77.1635	58.4779
2037	77.1661	58.4779
2038	77.1687	58.4779
2039	77.1714	58.4779
2040	77.174	58.4779
2041	77.1766	58.4779
2042	77.1793	58.4779
2043	77.1819	58.4779
2044	77.1846	58.4779
2045	77.1872	58.4779
2046	77.1899	58.4779
2047	77.1925	58.4779
2048	77.1952	58.4779
2049	77.1978	58.4779
2050	77.2005	58.4779
2051	77.2031	58.4779
2052	77.2058	58.4779
2053	77.2084	58.4779
2054	77.2111	58.4779
2055	77.2137	58.4779
2056	77.2164	58.4779
2057	77.2191	58.4779
2058	77.2217	58.4779
2059	77.2244	58.4779
2060	77.2271	58.4779
2061	77.2298	58.4779
2062	77.2324	58.4779
2063	77.2351	58.4779
2064	77.2378	58.4779
2065	77.2405	58.4779
2066	77.2432	58.4779
2067	77.2459	58.4779
2068	77.2486	58.4779
2069	77.2512	58.4779
2070	77.2539	58.4779
2071	77.2566	58.4779
2072	77.2593	58.4779
2073	77.262	58.4779
2074	77.2647	58.4779
2075	77.2674	58.4779
2076	77.2702	58.4779
2077	77.2729	58.4779
2078	77.2756	58.4779
2079	77.2783	58.4779
2080	77.281	58.4779
2081	77.2837	58.4779
2082	77.2865	58.4779
2083	77.2892	58.4779
2084	77.2919	58.4779
2085	77.2947	58.4779
2086	77.2974	58.4779
2087	77.3001	58.4779
2088	77.3029	58.4779
2089	77.3056	58.4779
2090	77.3084	58.4779
2091	77.3111	58.4779
2092	77.3139	58.4779
2093	77.3166	58.4779
2094	77.3194	58.4779
2095	77.3221	58.4779
2096	77.3249	58.4779
2097	77.3277	58.4779
2098	77.3304	58.4779
2099	77.3332	58.4779
2100	77.336	58.4779
2101	77.3388	58.4779
2102	77.3415	58.4779
2103	77.3443	58.4779
2104	77.3471	58.4779
2105	77.3499	58.4779
2106	77.3527	58.4779
2107	77.3555	58.4779
2108	77.3583	58.4779
2109	77.3611	58.4779
2110	77.3639	58.4779
2111	77.3667	58.4779
2112	77.3695	58.4779
2113	77.3724	58.4779
2114	77.3752	58.4779
2115	77.378	58.4779
2116	77.3808	58.4779
2117	77.3837	58.4779
2118	77.3865	58.4779
2119	77.3894	58.4779
2120	77.3922	58.4779
2121	77.395	58.4779
2122	77.3979	58.4779
2123	77.4007	58.4779
2124	77.4036	58.4779
2125	77.4065	58.4779
2126	77.4093	58.4779
2127	77.4122	58.4779
2128	77.4151	58.4779
2129	77.418	58.4779
2130	77.4208	58.4779
2131	77.4237	58.4779
2132	77.4266	58.4779
2133	77.4295	58.4779
2134	77.4324	58.4779
2135	77.4353	58.4779
2136	77.4382	58.4779
2137	77.4411	58.4779
2138	77.444	58.4779
2139	77.4469	58.4779
2140	77.4499	58.4779
2141	77.4528	58.4779
2142	77.4557	58.4779
2143	77.4587	58.4779
2144	77.4616	58.4779
2145	77.4645	58.4779
2146	77.4675	58.4779
2147	77.4704	58.4779
2148	77.4734	58.4779
2149	77.4764	58.4779
2150	77.4793	58.4779
2151	77.4823	58.4779
2152	77.4853	58.4779
2153	77.4882	58.4779
2154	77.4912	58.4779
2155	77.4942	58.4779
2156	77.4972	58.4779
2157	77.5002	58.4779
2158	77.5032	58.4779
2159	77.5062	58.4779
2160	77.5092	58.4779
2161	77.5122	58.4779
2162	77.5153	58.4779
2163	77.5183	58.4779
2164	77.5213	58.4779
2165	77.5244	58.4779
2166	77.5274	58.4779
2167	77.5304	58.4779
2168	77.5335	58.4779
2169	77.5366	58.4779
2170	77.5396	58.4779
2171	77.5427	58.4779
2172	77.5458	58.4779
2173	77.5488	58.4779
2174	77.5519	58.4779
2175	77.555	58.4779
2176	77.5581	58.4779
2177	77.5612	58.4779
2178	77.5643	58.4779
2179	77.5674	58.4779
2180	77.5705	58.4779
2181	77.5736	58.4779
2182	77.5768	58.4779
2183	77.5799	58.4779
2184	77.583	58.4779
2185	77.5862	58.4779
2186	77.5893	58.4779
2187	77.5925	58.4779
2188	77.5956	58.4779
2189	77.5988	58.4779
2190	77.602	58.4779
2191	77.6051	58.4779
2192	77.6083	58.4779
2193	77.6115	58.4779
2194	77.6147	58.4779
2195	77.6179	58.4779
2196	77.6211	58.4779
2197	77.6243	58.4779
2198	77.6275	58.4779
2199	77.6307	58.4779
2200	77.634	58.4779
2201	77.6372	58.4779
2202	77.6404	58.4779
2203	77.6437	58.4779
2204	77.6469	58.4779
2205	77.6502	58.4779
2206	77.6535	58.4779
2207	77.6567	58.4779
2208	77.66	58.4779
2209	77.6633	58.4779
2210	77.6666	58.4779
2211	77.6699	58.4779
2212	77.6732	58.4779
2213	77.6765	58.4779
2214	77.6798	58.4779
2215	77.6831	58.4779
2216	77.6864	58.4779
2217	77.6898	58.4779
2218	77.6931	58.4779
2219	77.6965	58.4779
2220	77.6998	58.4779
2221	77.7032	58.4779
2222	77.7065	58.4779
2223	77.7099	58.4779
2224	77.7133	58.4779
2225	77.7167	58.4779
2226	77.7201	58.4779
2227	77.7235	58.4779
2228	77.7269	58.4779
2229	77.7303	58.4779
2230	77.7337	58.4779
2231	77.7371	58.4779
2232	77.7406	58.4779
2233	77.744	58.4779
2234	77.7475	58.4779
2235	77.7509	58.4779
2236	77.7544	58.4779
2237	77.7578	58.4779
2238	77.7613	58.4779
2239	77.7648	58.4779
2240	77.7683	58.4779
2241	77.7718	58.4779
2242	77.7753	58.4779
2243	77.7788	58.4779
2244	77.7823	58.4779
2245	77.7858	58.4779
2246	77.7894	58.4779
2247	77.7929	58.4779
2248	77.7965	58.4779
2249	77.8	58.4779
2250	77.8036	58.4779
2251	77.8072	58.4779
2252	77.8107	58.4779
2253	77.8143	58.4779
2254	77.8179	58.4779
2255	77.8215	58.4779
2256	77.8251	58.4779
2257	77.8287	58.4779
2258	77.8323	58.4779
2259	77.836	58.4779
2260	77.8396	58.4779
2261	77.8433	58.4779
2262	77.8469	58.4779
2263	77.8506	58.4779
2264	77.8542	58.4779
2265	77.8579	58.4779
2266	77.8616	58.4779
2267	77.8653	58.4779
2268	77.869	58.4779
2269	77.8727	58.4779
2270	77.8764	58.4779
2271	77.8801	58.4779
2272	77.8838	58.4779
2273	77.8876	58.4779
2274	77.8913	58.4779
2275	77.8951	58.4779
2276	77.8988	58.4779
2277	77.9026	58.4779
2278	77.9064	58.4779
2279	77.9102	58.4779
2280	77.9139	58.4779
2281	77.9177	58.4779
2282	77.9215	58.4779
2283	77.9254	58.4779
2284	77.9292	58.4779
2285	77.933	58.4779
2286	77.9369	58.4779
2287	77.9407	58.4779
2288	77.9446	58.4779
2289	77.9484	58.4779
2290	77.9523	58.4779
2291	77.9562	58.4779
2292	77.96	58.4779
2293	77.9639	58.4779
2294	77.9678	58.4779
2295	77.9717	58.4779
2296	77.9757	58.4779
2297	77.9796	58.4779
2298	77.9835	58.4779
2299	77.9875	58.4779
2300	77.9914	58.4779
2301	77.9954	58.4779
2302	77.9993	58.4779
2303	78.0033	58.4779
2304	78.0073	58.4779
2305	78.0113	58.4779
2306	78.0153	58.4779
2307	78.0193	58.4779
2308	78.0233	58.4779
2309	78.0273	58.4779
2310	78.0313	58.4779
2311	78.0354	58.4779
2312	78.0394	58.4779
2313	78.0435	58.4779
2314	78.0475	58.4779
2315	78.0516	58.4779
2316	78.0557	58.4779
2317	78.0598	58.4779
2318	78.0639	58.4779
2319	78.068	58.4779
2320	78.0721	58.4779
2321	78.0762	58.4779
2322	78.0803	58.4779
2323	78.0844	58.4779
2324	78.0886	58.4779
2325	78.0927	58.4779
2326	78.0969	58.4779
2327	78.101	58.4779
2328	78.1052	58.4779
2329	78.1094	58.4779
2330	78.1136	58.4779
2331	78.1178	58.4779
2332	78.122	58.4779
2333	78.1262	58.4779
2334	78.1304	58.4779
2335	78.1346	58.4779
2336	78.1388	58.4779
2337	78.1431	58.4779
2338	78.1473	58.4779
2339	78.1516	58.4779
2340	78.1558	58.4779
2341	78.1601	58.4779
2342	78.1644	58.4779
2343	78.1687	58.4779
2344	78.1729	58.4779
2345	78.1772	58.4779
2346	78.1815	58.4779
2347	78.1859	58.4779
2348	78.1902	58.4779
2349	78.1945	58.4779
2350	78.1988	58.4779
2351	78.2032	58.4779
2352	78.2075	58.4779
2353	78.2119	58.4779
2354	78.2162	58.4779
2355	78.2206	58.4779
2356	78.2249	58.4779
2357	78.2293	58.4779
2358	78.2337	58.4779
2359	78.2381	58.4779
2360	78.2425	58.4779
2361	78.2469	58.4779
2362	78.2513	58.4779
2363	78.2557	58.4779
2364	78.2601	58.4779
2365	78.2646	58.4779
2366	78.269	58.4779
2367	78.2734	58.4779
2368	78.2779	58.4779
2369	78.2823	58.4779
2370	78.2868	58.4779
2371	78.2913	58.4779
2372	78.2957	58.4779
2373	78.3002	58.4779
2374	78.3047	58.4779
2375	78.3092	58.4779
2376	78.3137	58.4779
2377	78.3182	58.4779
2378	78.3227	58.4779
2379	78.3272	58.4779
2380	78.3317	58.4779
2381	78.3362	58.4779
2382	78.3407	58.4779
2383	78.3452	58.4779
2384	78.3498	58.4779
2385	78.3543	58.4779
2386	78.3588	58.4779
2387	78.3634	58.4779
2388	78.3679	58.4779
2389	78.3725	58.4779
2390	78.377	58.4779
2391	78.3816	58.4779
2392	78.3861	58.4779
2393	78.3907	58.4779
2394	78.3953	58.4779
2395	78.3998	58.4779
2396	78.4044	58.4779
2397	78.409	58.4779
2398	78.4136	58.4779
2399	78.4181	58.4779
2400	78.4227	58.4779
2401	78.4273	58.4779
2402	78.4319	58.4779
2403	78.4365	58.4779
2404	78.4411	58.4779
2405	78.4457	58.4779
2406	78.4503	58.4779
2407	78.4549	58.4779
2408	78.4595	58.4779
2409	78.4641	58.4779
2410	78.4687	58.4779
2411	78.4733	58.4779
2412	78.4779	58.4779
2413	78.4825	58.4779
2414	78.4871	58.4779
2415	78.4917	58.4779
2416	78.4963	58.4779
2417	78.501	58.4779
2418	78.5056	58.4779
2419	78.5102	58.4779
2420	78.5148	58.4779
2421	78.5194	58.4779
2422	78.524	58.4779
2423	78.5286	58.4779
2424	78.5332	58.4779
2425	78.5378	58.4779
2426	78.5424	58.4779
2427	78.547	58.4779
2428	78.5516	58.4779
2429	78.5562	58.4779
2430	78.5608	58.4779
2431	78.5654	58.4779
2432	78.57	58.4779
2433	78.5746	58.4779
2434	78.5792	58.4779
2435	78.5838	58.4779
2436	78.5884	58.4779
2437	78.593	58.4779
2438	78.5976	58.4779
2439	78.6021	58.4779
2440	78.6067	58.4779
2441	78.6113	58.4779
2442	78.6158	58.4779
2443	78.6204	58.4779
2444	78.625	58.4779
2445	78.6295	58.4779
2446	78.6341	58.4779
2447	78.6386	58.4779
2448	78.6431	58.4779
2449	78.6477	58.4779
2450	78.6522	58.4779
2451	78.6567	58.4779
2452	78.6612	58.4779
2453	78.6657	58.4779
2454	78.6702	58.4779
2455	78.6747	58.4779
2456	78.6792	58.4779
2457	78.6837	58.4779
2458	78.6882	58.4779
2459	78.6926	58.4779
2460	78.6971	58.4779
2461	78.7015	58.4779
2462	78.706	58.4779
2463	78.7104	58.4779
2464	78.7148	58.4779
2465	78.7192	58.4779
2466	78.7236	58.4779
2467	78.728	58.4779
2468	78.7324	58.4779
2469	78.7368	58.4779
2470	78.7412	58.4779
2471	78.7455	58.4779
2472	78.7499	58.4779
2473	78.7542	58.4779
2474	78.7585	58.4779
2475	78.7629	58.4779
2476	78.7672	58.4779
2477	78.7715	58.4779
2478	78.7757	58.4779
2479	78.78	58.4779
2480	78.7843	58.4779
2481	78.7885	58.4779
2482	78.7928	58.4779
2483	78.797	58.4779
2484	78.8012	58.4779
2485	78.8054	58.4779
2486	78.8096	58.4779
2487	78.8137	58.4779
2488	78.8179	58.4779
2489	78.822	58.4779
2490	78.8262	58.4779
2491	78.8303	58.4779
2492	78.8344	58.4779
2493	78.8385	58.4779
2494	78.8425	58.4779
2495	78.8466	58.4779
2496	78.8506	58.4779
2497	78.8547	58.4779
2498	78.8587	58.4779
2499	78.8627	58.4779
2500	78.8667	58.4779
2501	78.8706	58.4779
2502	78.8746	58.4779
2503	78.8785	58.4779
2504	78.8824	58.4779
2505	78.8863	58.4779
2506	78.8902	58.4779
2507	78.8941	58.4779
2508	78.898	58.4779
2509	78.9018	58.4779
2510	78.9056	58.4779
2511	78.9094	58.4779
2512	78.9132	58.4779
2513	78.917	58.4779
2514	78.9208	58.4779
2515	78.9245	58.4779
2516	78.9282	58.4779
2517	78.9319	58.4779
2518	78.9356	58.4779
2519	78.9393	58.4779
2520	78.943	58.4779
2521	78.9466	58.4779
2522	78.9502	58.4779
2523	78.9538	58.4779
2524	78.9574	58.4779
2525	78.961	58.4779
2526	78.9646	58.4779
2527	78.9681	58.4779
2528	78.9716	58.4779
2529	78.9751	58.4779
2530	78.9786	58.4779
2531	78.9821	58.4779
2532	78.9856	58.4779
2533	78.989	58.4779
2534	78.9924	58.4779
2535	78.9958	58.4779
2536	78.9992	58.4779
2537	79.0026	58.4779
2538	79.006	58.4779
2539	79.0093	58.4779
2540	79.0126	58.4779
2541	79.0159	58.4779
2542	79.0192	58.4779
2543	79.0225	58.4779
2544	79.0258	58.4779
2545	79.029	58.4779
2546	79.0323	58.4779
2547	79.0355	58.4779
2548	79.0387	58.4779
2549	79.0419	58.4779
2550	79.045	58.4779
2551	79.0482	58.4779
2552	79.0513	58.4779
2553	79.0545	58.4779
2554	79.0576	58.4779
2555	79.0607	58.4779
2556	79.0637	58.4779
2557	79.0668	58.4779
2558	79.0699	58.4779
2559	79.0729	58.4779
2560	79.0759	58.4779
2561	79.0789	58.4779
2562	79.0819	58.4779
2563	79.0849	58.4779
2564	79.0878	58.4779
2565	79.0908	58.4779
2566	79.0937	58.4779
2567	79.0966	58.4779
2568	79.0995	58.4779
2569	79.1024	58.4779
2570	79.1053	58.4779
2571	79.1082	58.4779
2572	79.111	58.4779
2573	79.1139	58.4779
2574	79.1167	58.4779
2575	79.1195	58.4779
2576	79.1223	58.4779
2577	79.1251	58.4779
2578	79.1278	58.4779
2579	79.1306	58.4779
2580	79.1333	58.4779
2581	79.136	58.4779
2582	79.1388	58.4779
2583	79.1415	58.4779
2584	79.1441	58.4779
2585	79.1468	58.4779
2586	79.1495	58.4779
2587	79.1521	58.4779
2588	79.1548	58.4779
2589	79.1574	58.4779
2590	79.16	58.4779
2591	79.1626	58.4779
2592	79.1652	58.4779
2593	79.1677	58.4779
2594	79.1703	58.4779
2595	79.1728	58.4779
2596	79.1754	58.4779
2597	79.1779	58.4779
2598	79.1804	58.4779
2599	79.1829	58.4779
2600	79.1853	58.4779
2601	79.1878	58.4779
2602	79.1903	58.4779
2603	79.1927	58.4779
2604	79.1951	58.4779
2605	79.1976	58.4779
2606	79.2	58.4779
2607	79.2024	58.4779
2608	79.2047	58.4779
2609	79.2071	58.4779
2610	79.2095	58.4779
2611	79.2118	58.4779
2612	79.2141	58.4779
2613	79.2165	58.4779
2614	79.2188	58.4779
2615	79.2211	58.4779
2616	79.2233	58.4779
2617	79.2256	58.4779
2618	79.2279	58.4779
2619	79.2301	58.4779
2620	79.2324	58.4779
2621	79.2346	58.4779
2622	79.2368	58.4779
2623	79.239	58.4779
2624	79.2412	58.4779
2625	79.2434	58.4779
2626	79.2455	58.4779
2627	79.2477	58.4779
2628	79.2498	58.4779
2629	79.252	58.4779
2630	79.2541	58.4779
2631	79.2562	58.4779
2632	79.2583	58.4779
2633	79.2604	58.4779
2634	79.2624	58.4779
2635	79.2645	58.4779
2636	79.2666	58.4779
2637	79.2686	58.4779
2638	79.2706	58.4779
2639	79.2727	58.4779
2640	79.2747	58.4779
2641	79.2767	58.4779
2642	79.2786	58.4779
2643	79.2806	58.4779
2644	79.2826	58.4779
2645	79.2845	58.4779
2646	79.2865	58.4779
2647	79.2884	58.4779
2648	79.2903	58.4779
2649	79.2922	58.4779
2650	79.2941	58.4779
2651	79.296	58.4779
2652	79.2979	58.4779
2653	79.2998	58.4779
2654	79.3016	58.4779
2655	79.3034	58.4779
2656	79.3053	58.4779
2657	79.3071	58.4779
2658	79.3089	58.4779
2659	79.3107	58.4779
2660	79.3125	58.4779
2661	79.3143	58.4779
2662	79.3161	58.4779
2663	79.3178	58.4779
2664	79.3196	58.4779
2665	79.3213	58.4779
2666	79.323	58.4779
2667	79.3248	58.4779
2668	79.3265	58.4779
2669	79.3282	58.4779
2670	79.3299	58.4779
2671	79.3315	58.4779
2672	79.3332	58.4779
2673	79.3349	58.4779
2674	79.3365	58.4779
2675	79.3381	58.4779
2676	79.3398	58.4779
2677	79.3414	58.4779
2678	79.343	58.4779
2679	79.3446	58.4779
2680	79.3462	58.4779
2681	79.3478	58.4779
2682	79.3493	58.4779
2683	79.3509	58.4779
2684	79.3524	58.4779
2685	79.354	58.4779
2686	79.3555	58.4779
2687	79.357	58.4779
2688	79.3585	58.4779
2689	79.36	58.4779
2690	79.3615	58.4779
2691	79.363	58.4779
2692	79.3645	58.4779
2693	79.366	58.4779
2694	79.3674	58.4779
2695	79.3689	58.4779
2696	79.3703	58.4779
2697	79.3717	58.4779
2698	79.3731	58.4779
2699	79.3745	58.4779
2700	79.3759	58.4779
2701	79.3773	58.4779
2702	79.3787	58.4779
2703	79.3801	58.4779
2704	79.3814	58.4779
2705	79.3828	58.4779
2706	79.3841	58.4779
2707	79.3855	58.4779
2708	79.3868	58.4779
2709	79.3881	58.4779
2710	79.3894	58.4779
2711	79.3907	58.4779
2712	79.392	58.4779
2713	79.3933	58.4779
2714	79.3946	58.4779
2715	79.3959	58.4779
2716	79.3971	58.4779
2717	79.3984	58.4779
2718	79.3996	58.4779
2719	79.4008	58.4779
2720	79.4021	58.4779
2721	79.4033	58.4779
2722	79.4045	58.4779
2723	79.4057	58.4779
2724	79.4069	58.4779
2725	79.408	58.4779
2726	79.4092	58.4779
2727	79.4104	58.4779
2728	79.4115	58.4779
2729	79.4127	58.4779
2730	79.4138	58.4779
2731	79.415	58.4779
2732	79.4161	58.4779
2733	79.4172	58.4779
2734	79.4183	58.4779
2735	79.4194	58.4779
2736	79.4205	58.4779
2737	79.4216	58.4779
2738	79.4227	58.4779
2739	79.4237	58.4779
2740	79.4248	58.4779
2741	79.4259	58.4779
2742	79.4269	58.4779
2743	79.4279	58.4779
2744	79.429	58.4779
2745	79.43	58.4779
2746	79.431	58.4779
2747	79.432	58.4779
2748	79.433	58.4779
2749	79.434	58.4779
2750	79.435	58.4779
2751	79.436	58.4779
2752	79.4369	58.4779
2753	79.4379	58.4779
2754	79.4389	58.4779
2755	79.4398	58.4779
2756	79.4407	58.4779
2757	79.4417	58.4779
2758	79.4426	58.4779
2759	79.4435	58.4779
2760	79.4444	58.4779
2761	79.4453	58.4779
2762	79.4462	58.4779
2763	79.4471	58.4779
2764	79.448	58.4779
2765	79.4489	58.4779
2766	79.4498	58.4779
2767	79.4506	58.4779
2768	79.4515	58.4779
2769	79.4523	58.4779
2770	79.4532	58.4779
2771	79.454	58.4779
2772	79.4548	58.4779
2773	79.4557	58.4779
2774	79.4565	58.4779
2775	79.4573	58.4779
2776	79.4581	58.4779
2777	79.4589	58.4779
2778	79.4597	58.4779
2779	79.4605	58.4779
2780	79.4612	58.4779
2781	79.462	58.4779
2782	79.4628	58.4779
2783	79.4635	58.4779
2784	79.4643	58.4779
2785	79.465	58.4779
2786	79.4658	58.4779
2787	79.4665	58.4779
2788	79.4672	58.4779
2789	79.4679	58.4779
2790	79.4686	58.4779
2791	79.4694	58.4779
2792	79.4701	58.4779
2793	79.4708	58.4779
2794	79.4714	58.4779
2795	79.4721	58.4779
2796	79.4728	58.4779
2797	79.4735	58.4779
2798	79.4741	58.4779
2799	79.4748	58.4779
2800	79.4754	58.4779
2801	79.4761	58.4779
2802	79.4767	58.4779
2803	79.4774	58.4779
2804	79.478	58.4779
2805	79.4786	58.4779
2806	79.4792	58.4779
2807	79.4798	58.4779
2808	79.4805	58.4779
2809	79.4811	58.4779
2810	79.4816	58.4779
2811	79.4822	58.4779
2812	79.4828	58.4779
2813	79.4834	58.4779
2814	79.484	58.4779
2815	79.4845	58.4779
2816	79.4851	58.4779
2817	79.4857	58.4779
2818	79.4862	58.4779
2819	79.4867	58.4779
2820	79.4873	58.4779
2821	79.4878	58.4779
2822	79.4884	58.4779
2823	79.4889	58.4779
2824	79.4894	58.4779
2825	79.4899	58.4779
2826	79.4904	58.4779
2827	79.4909	58.4779
2828	79.4914	58.4779
2829	79.4919	58.4779
2830	79.4924	58.4779
2831	79.4929	58.4779
2832	79.4934	58.4779
2833	79.4938	58.4779
2834	79.4943	58.4779
2835	79.4948	58.4779
2836	79.4952	58.4779
2837	79.4957	58.4779
2838	79.4961	58.4779
2839	79.4966	58.4779
2840	79.497	58.4779
2841	79.4974	58.4779
2842	79.4979	58.4779
2843	79.4983	58.4779
2844	79.4987	58.4779
2845	79.4991	58.4779
2846	79.4995	58.4779
2847	79.4999	58.4779
2848	79.5003	58.4779
2849	79.5007	58.4779
2850	79.5011	58.4779
2851	79.5015	58.4779
2852	79.5019	58.4779
2853	79.5023	58.4779
2854	79.5026	58.4779
2855	79.503	58.4779
2856	79.5034	58.4779
2857	79.5037	58.4779
2858	79.5041	58.4779
2859	79.5044	58.4779
2860	79.5048	58.4779
2861	79.5051	58.4779
2862	79.5055	58.4779
2863	79.5058	58.4779
2864	79.5061	58.4779
2865	79.5064	58.4779
2866	79.5068	58.4779
2867	79.5071	58.4779
2868	79.5074	58.4779
2869	79.5077	58.4779
2870	79.508	58.4779
2871	79.5083	58.4779
2872	79.5086	58.4779
2873	79.5089	58.4779
2874	79.5092	58.4779
2875	79.5094	58.4779
2876	79.5097	58.4779
2877	79.51	58.4779
2878	79.5103	58.4779
2879	79.5105	58.4779
2880	79.5108	58.4779
2881	79.5111	58.4779
2882	79.5113	58.4779
2883	79.5116	58.4779
2884	79.5118	58.4779
2885	79.5121	58.4779
2886	79.5123	58.4779
2887	79.5125	58.4779
2888	79.5128	58.4779
2889	79.513	58.4779
2890	79.5132	58.4779
2891	79.5134	58.4779
2892	79.5137	58.4779
2893	79.5139	58.4779
2894	79.5141	58.4779
2895	79.5143	58.4779
2896	79.5145	58.4779
2897	79.5147	58.4779
2898	79.5149	58.4779
2899	79.5151	58.4779
2900	79.5153	58.4779
2901	79.5154	58.4779
2902	79.5156	58.4779
2903	79.5158	58.4779
2904	79.516	58.4779
2905	79.5161	58.4779
2906	79.5163	58.4779
2907	79.5165	58.4779
2908	79.5166	58.4779
2909	79.5168	58.4779
2910	79.5169	58.4779
2911	79.5171	58.4779
2912	79.5172	58.4779
2913	79.5174	58.4779
2914	79.5175	58.4779
2915	79.5177	58.4779
2916	79.5178	58.4779
2917	79.5179	58.4779
2918	79.5181	58.4779
2919	79.5182	58.4779
2920	79.5183	58.4779
2921	79.5184	58.4779
2922	79.5185	58.4779
2923	79.5186	58.4779
2924	79.5188	58.4779
2925	79.5189	58.4779
2926	79.519	58.4779
2927	79.5191	58.4779
2928	79.5192	58.4779
2929	79.5193	58.4779
2930	79.5193	58.4779
2931	79.5194	58.4779
2932	79.5195	58.4779
2933	79.5196	58.4779
2934	79.5197	58.4779
2935	79.5197	58.4779
2936	79.5198	58.4779
2937	79.5199	58.4779
2938	79.52	58.4779
2939	79.52	58.4779
2940	79.5201	58.4779
2941	79.5201	58.4779
2942	79.5202	58.4779
2943	79.5202	58.4779
2944	79.5203	58.4779
2945	79.5203	58.4779
2946	79.5204	58.4779
2947	79.5204	58.4779
2948	79.5205	58.4779
2949	79.5205	58.4779
2950	79.5205	58.4779
2951	79.5206	58.4779
2952	79.5206	58.4779
2953	79.5206	58.4779
2954	79.5206	58.4779
2955	79.5207	58.4779
2956	79.5207	58.4779
2957	79.5207	58.4779
2958	79.5207	58.4779
2959	79.5207	58.4779
2960	79.5207	58.4779
2961	79.5207	58.4779
2962	79.5207	58.4779
2963	79.5207	58.4779
2964	79.5207	58.4779
2965	79.5207	58.4779
2966	79.5207	58.4779
2967	79.5207	58.4779
2968	79.5207	58.4779
2969	79.5207	58.4779
2970	79.5207	58.4779
2971	79.5206	58.4779
2972	79.5206	58.4779
2973	79.5206	58.4779
2974	79.5206	58.4779
2975	79.5205	58.4779
2976	79.5205	58.4779
2977	79.5205	58.4779
2978	79.5204	58.4779
2979	79.5204	58.4779
2980	79.5203	58.4779
2981	79.5203	58.4779
2982	79.5203	58.4779
2983	79.5202	58.4779
2984	79.5202	58.4779
2985	79.5201	58.4779
2986	79.5201	58.4779
2987	79.52	58.4779
2988	79.5199	58.4779
2989	79.5199	58.4779
2990	79.5198	58.4779
2991	79.5197	58.4779
2992	79.5197	58.4779
2993	79.5196	58.4779
2994	79.5195	58.4779
2995	79.5195	58.4779
2996	79.5194	58.4779
2997	79.5193	58.4779
2998	79.5192	58.4779
2999	79.5192	58.4779
3000	79.5191	58.4779
3001	79.519	58.4779
3002	79.5189	58.4779
3003	79.5188	58.4779
3004	79.5187	58.4779
3005	79.5186	58.4779
3006	79.5185	58.4779
3007	79.5184	58.4779
3008	79.5183	58.4779
3009	79.5182	58.4779
3010	79.5181	58.4779
3011	79.518	58.4779
3012	79.5179	58.4779
3013	79.5178	58.4779
3014	79.5177	58.4779
3015	79.5176	58.4779
3016	79.5175	58.4779
3017	79.5173	58.4779
3018	79.5172	58.4779
3019	79.5171	58.4779
3020	79.517	58.4779
3021	79.5169	58.4779
3022	79.5167	58.4779
3023	79.5166	58.4779
3024	79.5165	58.4779
3025	79.5164	58.4779
3026	79.5162	58.4779
3027	79.5161	58.4779
3028	79.516	58.4779
3029	79.5158	58.4779
3030	79.5157	58.4779
3031	79.5155	58.4779
3032	79.5154	58.4779
3033	79.5152	58.4779
3034	79.5151	58.4779
3035	79.515	58.4779
3036	79.5148	58.4779
3037	79.5147	58.4779
3038	79.5145	58.4779
3039	79.5144	58.4779
3040	79.5142	58.4779
3041	79.514	58.4779
3042	79.5139	58.4779
3043	79.5137	58.4779
3044	79.5136	58.4779
3045	79.5134	58.4779
3046	79.5132	58.4779
3047	79.5131	58.4779
3048	79.5129	58.4779
3049	79.5127	58.4779
3050	79.5126	58.4779
3051	79.5124	58.4779
3052	79.5122	58.4779
3053	79.512	58.4779
3054	79.5119	58.4779
3055	79.5117	58.4779
3056	79.5115	58.4779
3057	79.5113	58.4779
3058	79.5111	58.4779
3059	79.511	58.4779
3060	79.5108	58.4779
3061	79.5106	58.4779
3062	79.5104	58.4779
3063	79.5102	58.4779
3064	79.51	58.4779
3065	79.5098	58.4779
3066	79.5096	58.4779
3067	79.5095	58.4779
3068	79.5093	58.4779
3069	79.5091	58.4779
3070	79.5089	58.4779
3071	79.5087	58.4779
3072	79.5085	58.4779
3073	79.5083	58.4779
3074	79.5081	58.4779
3075	79.5079	58.4779
3076	79.5076	58.4779
3077	79.5074	58.4779
3078	79.5072	58.4779
3079	79.507	58.4779
3080	79.5068	58.4779
3081	79.5066	58.4779
3082	79.5064	58.4779
3083	79.5062	58.4779
3084	79.506	58.4779
3085	79.5057	58.4779
3086	79.5055	58.4779
3087	79.5053	58.4779
3088	79.5051	58.4779
3089	79.5049	58.4779
3090	79.5046	58.4779
3091	79.5044	58.4779
3092	79.5042	58.4779
3093	79.504	58.4779
3094	79.5037	58.4779
3095	79.5035	58.4779
3096	79.5033	58.4779
3097	79.5031	58.4779
3098	79.5028	58.4779
3099	79.5026	58.4779
3100	79.5024	58.4779
3101	79.5021	58.4779
3102	79.5019	58.4779
3103	79.5017	58.4779
3104	79.5014	58.4779
3105	79.5012	58.4779
3106	79.5009	58.4779
3107	79.5007	58.4779
3108	79.5005	58.4779
3109	79.5002	58.4779
3110	79.5	58.4779
3111	79.4997	58.4779
3112	79.4995	58.4779
3113	79.4992	58.4779
3114	79.499	58.4779
3115	79.4988	58.4779
3116	79.4985	58.4779
3117	79.4983	58.4779
3118	79.498	58.4779
3119	79.4978	58.4779
3120	79.4975	58.4779
3121	79.4973	58.4779
3122	79.497	58.4779
3123	79.4967	58.4779
3124	79.4965	58.4779
3125	79.4962	58.4779
3126	79.496	58.4779
3127	79.4957	58.4779
3128	79.4955	58.4779
3129	79.4952	58.4779
3130	79.4949	58.4779
3131	79.4947	58.4779
3132	79.4944	58.4779
3133	79.4941	58.4779
3134	79.4939	58.4779
3135	79.4936	58.4779
3136	79.4934	58.4779
3137	79.4931	58.4779
3138	79.4928	58.4779
3139	79.4925	58.4779
3140	79.4923	58.4779
3141	79.492	58.4779
3142	79.4917	58.4779
3143	79.4915	58.4779
3144	79.4912	58.4779
3145	79.4909	58.4779
3146	79.4906	58.4779
3147	79.4904	58.4779
3148	79.4901	58.4779
3149	79.4898	58.4779
3150	79.4895	58.4779
3151	79.4893	58.4779
3152	79.489	58.4779
3153	79.4887	58.4779
3154	79.4884	58.4779
3155	79.4882	58.4779
3156	79.4879	58.4779
3157	79.4876	58.4779
3158	79.4873	58.4779
3159	79.487	58.4779
3160	79.4867	58.4779
3161	79.4865	58.4779
3162	79.4862	58.4779
3163	79.4859	58.4779
3164	79.4856	58.4779
3165	79.4853	58.4779
3166	79.485	58.4779
3167	79.4847	58.4779
3168	79.4845	58.4779
3169	79.4842	58.4779
3170	79.4839	58.4779
3171	79.4836	58.4779
3172	79.4833	58.4779
3173	79.483	58.4779
3174	79.4827	58.4779
3175	79.4824	58.4779
3176	79.4821	58.4779
3177	79.4818	58.4779
3178	79.4815	58.4779
3179	79.4812	58.4779
3180	79.481	58.4779
3181	79.4807	58.4779
3182	79.4804	58.4779
3183	79.4801	58.4779
3184	79.4798	58.4779
3185	79.4795	58.4779
3186	79.4792	58.4779
3187	79.4789	58.4779
3188	79.4786	58.4779
3189	79.4783	58.4779
3190	79.478	58.4779
3191	79.4777	58.4779
3192	79.4774	58.4779
3193	79.4771	58.4779
3194	79.4768	58.4779
3195	79.4765	58.4779
3196	79.4762	58.4779
3197	79.4759	58.4779
3198	79.4756	58.4779
3199	79.4752	58.4779
3200	79.4749	58.4779
3201	79.4746	58.4779
3202	79.4743	58.4779
3203	79.474	58.4779
3204	79.4737	58.4779
3205	79.4734	58.4779
3206	79.4731	58.4779
3207	79.4728	58.4779
3208	79.4725	58.4779
3209	79.4722	58.4779
3210	79.4719	58.4779
3211	79.4716	58.4779
3212	79.4712	58.4779
3213	79.4709	58.4779
3214	79.4706	58.4779
3215	79.4703	58.4779
3216	79.47	58.4779
3217	79.4697	58.4779
3218	79.4694	58.4779
3219	79.4691	58.4779
3220	79.4687	58.4779
3221	79.4684	58.4779
3222	79.4681	58.4779
3223	79.4678	58.4779
3224	79.4675	58.4779
3225	79.4672	58.4779
3226	79.4669	58.4779
3227	79.4665	58.4779
3228	79.4662	58.4779
3229	79.4659	58.4779
3230	79.4656	58.4779
3231	79.4653	58.4779
3232	79.465	58.4779
3233	79.4646	58.4779
3234	79.4643	58.4779
3235	79.464	58.4779
3236	79.4637	58.4779
3237	79.4634	58.4779
3238	79.463	58.4779
3239	79.4627	58.4779
3240	79.4624	58.4779
3241	79.4621	58.4779
3242	79.4618	58.4779
3243	79.4614	58.4779
3244	79.4611	58.4779
3245	79.4608	58.4779
3246	79.4605	58.4779
3247	79.4602	58.4779
3248	79.4598	58.4779
3249	79.4595	58.4779
3250	79.4592	58.4779
3251	79.4589	58.4779
3252	79.4585	58.4779
3253	79.4582	58.4779
3254	79.4579	58.4779
3255	79.4576	58.4779
3256	79.4573	58.4779
3257	79.4569	58.4779
3258	79.4566	58.4779
3259	79.4563	58.4779
3260	79.456	58.4779
3261	79.4556	58.4779
3262	79.4553	58.4779
3263	79.455	58.4779
3264	79.4546	58.4779
3265	79.4543	58.4779
3266	79.454	58.4779
3267	79.4537	58.4779
3268	79.4533	58.4779
3269	79.453	58.4779
3270	79.4527	58.4779
3271	79.4524	58.4779
3272	79.452	58.4779
3273	79.4517	58.4779
3274	79.4514	58.4779
3275	79.451	58.4779
3276	79.4507	58.4779
3277	79.4504	58.4779
3278	79.4501	58.4779
3279	79.4497	58.4779
3280	79.4494	58.4779
3281	79.4491	58.4779
3282	79.4487	58.4779
3283	79.4484	58.4779
3284	79.4481	58.4779
3285	79.4478	58.4779
3286	79.4474	58.4779
3287	79.4471	58.4779
3288	79.4468	58.4779
3289	79.4464	58.4779
3290	79.4461	58.4779
3291	79.4458	58.4779
3292	79.4454	58.4779
3293	79.4451	58.4779
3294	79.4448	58.4779
3295	79.4445	58.4779
3296	79.4441	58.4779
3297	79.4438	58.4779
3298	79.4435	58.4779
3299	79.4431	58.4779
3300	79.4428	58.4779
3301	79.4425	58.4779
3302	79.4421	58.4779
3303	79.4418	58.4779
3304	79.4415	58.4779
3305	79.4411	58.4779
3306	79.4408	58.4779
3307	79.4405	58.4779
3308	79.4401	58.4779
3309	79.4398	58.4779
3310	79.4395	58.4779
3311	79.4391	58.4779
3312	79.4388	58.4779
3313	79.4385	58.4779
3314	79.4381	58.4779
3315	79.4378	58.4779
3316	79.4375	58.4779
3317	79.4371	58.4779
3318	79.4368	58.4779
3319	79.4365	58.4779
3320	79.4361	58.4779
3321	79.4358	58.4779
3322	79.4355	58.4779
3323	79.4351	58.4779
3324	79.4348	58.4779
3325	79.4345	58.4779
3326	79.4341	58.4779
3327	79.4338	58.4779
3328	79.4335	58.4779
3329	79.4331	58.4779
3330	79.4328	58.4779
3331	79.4325	58.4779
3332	79.4321	58.4779
3333	79.4318	58.4779
3334	79.4315	58.4779
3335	79.4311	58.4779
3336	79.4308	58.4779
3337	79.4305	58.4779
3338	79.4301	58.4779
3339	79.4298	58.4779
3340	79.4295	58.4779
3341	79.4291	58.4779
3342	79.4288	58.4779
3343	79.4284	58.4779
3344	79.4281	58.4779
3345	79.4278	58.4779
3346	79.4274	58.4779
3347	79.4271	58.4779
3348	79.4268	58.4779
3349	79.4264	58.4779
3350	79.4261	58.4779
3351	79.4258	58.4779
3352	79.4254	58.4779
3353	79.4251	58.4779
3354	79.4248	58.4779
3355	79.4244	58.4779
3356	79.4241	58.4779
3357	79.4238	58.4779
3358	79.4234	58.4779
3359	79.4231	58.4779
3360	79.4228	58.4779
3361	79.4224	58.4779
3362	79.4221	58.4779
3363	79.4218	58.4779
3364	79.4214	58.4779
3365	79.4211	58.4779
3366	79.4208	58.4779
3367	79.4204	58.4779
3368	79.4201	58.4779
3369	79.4198	58.4779
3370	79.4194	58.4779
3371	79.4191	58.4779
3372	79.4187	58.4779
3373	79.4184	58.4779
3374	79.4181	58.4779
3375	79.4177	58.4779
3376	79.4174	58.4779
3377	79.4171	58.4779
3378	79.4167	58.4779
3379	79.4164	58.4779
3380	79.4161	58.4779
3381	79.4157	58.4779
3382	79.4154	58.4779
3383	79.4151	58.4779
3384	79.4147	58.4779
3385	79.4144	58.4779
3386	79.4141	58.4779
3387	79.4137	58.4779
3388	79.4134	58.4779
3389	79.4131	58.4779
3390	79.4127	58.4779
3391	79.4124	58.4779
3392	79.4121	58.4779
3393	79.4117	58.4779
3394	79.4114	58.4779
3395	79.4111	58.4779
3396	79.4107	58.4779
3397	79.4104	58.4779
3398	79.4101	58.4779
3399	79.4097	58.4779
3400	79.4094	58.4779
3401	79.4091	58.4779
3402	79.4087	58.4779
3403	79.4084	58.4779
3404	79.4081	58.4779
3405	79.4077	58.4779
3406	79.4074	58.4779
3407	79.4071	58.4779
3408	79.4067	58.4779
3409	79.4064	58.4779
3410	79.4061	58.4779
3411	79.4058	58.4779
3412	79.4054	58.4779
3413	79.4051	58.4779
3414	79.4048	58.4779
3415	79.4044	58.4779
3416	79.4041	58.4779
3417	79.4038	58.4779
3418	79.4034	58.4779
3419	79.4031	58.4779
3420	79.4028	58.4779
3421	79.4024	58.4779
3422	79.4021	58.4779
3423	79.4018	58.4779
3424	79.4014	58.4779
3425	79.4011	58.4779
3426	79.4008	58.4779
3427	79.4005	58.4779
3428	79.4001	58.4779
3429	79.3998	58.4779
3430	79.3995	58.4779
3431	79.3991	58.4779
3432	79.3988	58.4779
3433	79.3985	58.4779
3434	79.3981	58.4779
3435	79.3978	58.4779
3436	79.3975	58.4779
3437	79.3972	58.4779
3438	79.3968	58.4779
3439	79.3965	58.4779
3440	79.3962	58.4779
3441	79.3958	58.4779
3442	79.3955	58.4779
3443	79.3952	58.4779
3444	79.3949	58.4779
3445	79.3945	58.4779
3446	79.3942	58.4779
3447	79.3939	58.4779
3448	79.3935	58.4779
3449	79.3932	58.4779
3450	79.3929	58.4779
3451	79.3926	58.4779
3452	79.3922	58.4779
3453	79.3919	58.4779
3454	79.3916	58.4779
3455	79.3913	58.4779
3456	79.3909	58.4779
3457	79.3906	58.4779
3458	79.3903	58.4779
3459	79.3899	58.4779
3460	79.3896	58.4779
3461	79.3893	58.4779
3462	79.389	58.4779
3463	79.3886	58.4779
3464	79.3883	58.4779
3465	79.388	58.4779
3466	79.3877	58.4779
3467	79.3873	58.4779
3468	79.387	58.4779
3469	79.3867	58.4779
3470	79.3864	58.4779
3471	79.386	58.4779
3472	79.3857	58.4779
3473	79.3854	58.4779
3474	79.3851	58.4779
3475	79.3847	58.4779
3476	79.3844	58.4779
3477	79.3841	58.4779
3478	79.3838	58.4779
3479	79.3834	58.4779
3480	79.3831	58.4779
3481	79.3828	58.4779
3482	79.3825	58.4779
3483	79.3822	58.4779
3484	79.3818	58.4779
3485	79.3815	58.4779
3486	79.3812	58.4779
3487	79.3809	58.4779
3488	79.3805	58.4779
3489	79.3802	58.4779
3490	79.3799	58.4779
3491	79.3796	58.4779
3492	79.3793	58.4779
3493	79.3789	58.4779
3494	79.3786	58.4779
3495	79.3783	58.4779
3496	79.378	58.4779
3497	79.3777	58.4779
3498	79.3773	58.4779
3499	79.377	58.4779
3500	79.3767	58.4779
3501	79.3764	58.4779
3502	79.3761	58.4779
3503	79.3757	58.4779
3504	79.3754	58.4779
3505	79.3751	58.4779
3506	79.3748	58.4779
3507	79.3745	58.4779
3508	79.3741	58.4779
3509	79.3738	58.4779
3510	79.3735	58.4779
3511	79.3732	58.4779
3512	79.3729	58.4779
3513	79.3725	58.4779
3514	79.3722	58.4779
3515	79.3719	58.4779
3516	79.3716	58.4779
3517	79.3713	58.4779
3518	79.371	58.4779
3519	79.3706	58.4779
3520	79.3703	58.4779
3521	79.37	58.4779
3522	79.3697	58.4779
3523	79.3694	58.4779
3524	79.3691	58.4779
3525	79.3687	58.4779
3526	79.3684	58.4779
3527	79.3681	58.4779
3528	79.3678	58.4779
3529	79.3675	58.4779
3530	79.3672	58.4779
3531	79.3669	58.4779
3532	79.3665	58.4779
3533	79.3662	58.4779
3534	79.3659	58.4779
3535	79.3656	58.4779
3536	79.3653	58.4779
3537	79.365	58.4779
3538	79.3647	58.4779
3539	79.3643	58.4779
3540	79.364	58.4779
3541	79.3637	58.4779
3542	79.3634	58.4779
3543	79.3631	58.4779
3544	79.3628	58.4779
3545	79.3625	58.4779
3546	79.3622	58.4779
3547	79.3618	58.4779
3548	79.3615	58.4779
3549	79.3612	58.4779
3550	79.3609	58.4779
3551	79.3606	58.4779
3552	79.3603	58.4779
3553	79.36	58.4779
3554	79.3597	58.4779
3555	79.3594	58.4779
3556	79.359	58.4779
3557	79.3587	58.4779
3558	79.3584	58.4779
3559	79.3581	58.4779
3560	79.3578	58.4779
3561	79.3575	58.4779
3562	79.3572	58.4779
3563	79.3569	58.4779
3564	79.3566	58.4779
3565	79.3563	58.4779
3566	79.3559	58.4779
3567	79.3556	58.4779
3568	79.3553	58.4779
3569	79.355	58.4779
3570	79.3547	58.4779
3571	79.3544	58.4779
3572	79.3541	58.4779
3573	79.3538	58.4779
3574	79.3535	58.4779
3575	79.3532	58.4779
3576	79.3529	58.4779
3577	79.3526	58.4779
3578	79.3523	58.4779
3579	79.352	58.4779
3580	79.3517	58.4779
3581	79.3514	58.4779
3582	79.351	58.4779
3583	79.3507	58.4779
3584	79.3504	58.4779
3585	79.3501	58.4779
3586	79.3498	58.4779
3587	79.3495	58.4779
3588	79.3492	58.4779
3589	79.3489	58.4779
3590	79.3486	58.4779
3591	79.3483	58.4779
3592	79.348	58.4779
3593	79.3477	58.4779
3594	79.3474	58.4779
3595	79.3471	58.4779
3596	79.3468	58.4779
3597	79.3465	58.4779
3598	79.3462	58.4779
3599	79.3459	58.4779
3600	79.3456	58.4779
3601	79.3453	58.4779
3602	79.345	58.4779
3603	79.3447	58.4779
3604	79.3444	58.4779
3605	79.3441	58.4779
3606	79.3438	58.4779
3607	79.3435	58.4779
3608	79.3432	58.4779
3609	79.3429	58.4779
3610	79.3426	58.4779
3611	79.3423	58.4779
3612	79.342	58.4779
3613	79.3417	58.4779
3614	79.3414	58.4779
3615	79.3411	58.4779
3616	79.3408	58.4779
3617	79.3405	58.4779
3618	79.3402	58.4779
3619	79.3399	58.4779
3620	79.3396	58.4779
3621	79.3393	58.4779
3622	79.339	58.4779
3623	79.3387	58.4779
3624	79.3384	58.4779
3625	79.3381	58.4779
3626	79.3378	58.4779
3627	79.3375	58.4779
3628	79.3372	58.4779
3629	79.3369	58.4779
3630	79.3366	58.4779
3631	79.3363	58.4779
3632	79.3361	58.4779
3633	79.3358	58.4779
3634	79.3355	58.4779
3635	79.3352	58.4779
3636	79.3349	58.4779
3637	79.3346	58.4779
3638	79.3343	58.4779
3639	79.334	58.4779
3640	79.3337	58.4779
3641	79.3334	58.4779
3642	79.3331	58.4779
3643	79.3328	58.4779
3644	79.3325	58.4779
3645	79.3322	58.4779
3646	79.3319	58.4779
3647	79.3317	58.4779
3648	79.3314	58.4779
3649	79.3311	58.4779
3650	79.3308	58.4779
3651	79.3305	58.4779
3652	79.3302	58.4779
3653	79.3299	58.4779
3654	79.3296	58.4779
3655	79.3293	58.4779
3656	79.329	58.4779
3657	79.3288	58.4779
3658	79.3285	58.4779
3659	79.3282	58.4779
3660	79.3279	58.4779
3661	79.3276	58.4779
3662	79.3273	58.4779
3663	79.327	58.4779
3664	79.3267	58.4779
3665	79.3264	58.4779
3666	79.3262	58.4779
3667	79.3259	58.4779
3668	79.3256	58.4779
3669	79.3253	58.4779
3670	79.325	58.4779
3671	79.3247	58.4779
3672	79.3244	58.4779
3673	79.3242	58.4779
3674	79.3239	58.4779
3675	79.3236	58.4779
3676	79.3233	58.4779
3677	79.323	58.4779
3678	79.3227	58.4779
3679	79.3224	58.4779
3680	79.3222	58.4779
3681	79.3219	58.4779
3682	79.3216	58.4779
3683	79.3213	58.4779
3684	79.321	58.4779
3685	79.3207	58.4779
3686	79.3205	58.4779
3687	79.3202	58.4779
3688	79.3199	58.4779
3689	79.3196	58.4779
3690	79.3193	58.4779
3691	79.319	58.4779
3692	79.3188	58.4779
3693	79.3185	58.4779
3694	79.3182	58.4779
3695	79.3179	58.4779
3696	79.3176	58.4779
3697	79.3174	58.4779
3698	79.3171	58.4779
3699	79.3168	58.4779
3700	79.3165	58.4779
3701	79.3162	58.4779
3702	79.3159	58.4779
3703	79.3157	58.4779
3704	79.3154	58.4779
3705	79.3151	58.4779
3706	79.3148	58.4779
3707	79.3146	58.4779
3708	79.3143	58.4779
3709	79.314	58.4779
3710	79.3137	58.4779
3711	79.3134	58.4779
3712	79.3132	58.4779
3713	79.3129	58.4779
3714	79.3126	58.4779
3715	79.3123	58.4779
3716	79.3121	58.4779
3717	79.3118	58.4779
3718	79.3115	58.4779
3719	79.3112	58.4779
3720	79.3109	58.4779
3721	79.3107	58.4779
3722	79.3104	58.4779
3723	79.3101	58.4779
3724	79.3098	58.4779
3725	79.3096	58.4779
3726	79.3093	58.4779
3727	79.309	58.4779
3728	79.3087	58.4779
3729	79.3085	58.4779
3730	79.3082	58.4779
3731	79.3079	58.4779
3732	79.3077	58.4779
3733	79.3074	58.4779
3734	79.3071	58.4779
3735	79.3068	58.4779
3736	79.3066	58.4779
3737	79.3063	58.4779
3738	79.306	58.4779
3739	79.3057	58.4779
3740	79.3055	58.4779
3741	79.3052	58.4779
3742	79.3049	58.4779
3743	79.3047	58.4779
3744	79.3044	58.4779
3745	79.3041	58.4779
3746	79.3038	58.4779
3747	79.3036	58.4779
3748	79.3033	58.4779
3749	79.303	58.4779
3750	79.3028	58.4779
3751	79.3025	58.4779
3752	79.3022	58.4779
3753	79.302	58.4779
3754	79.3017	58.4779
3755	79.3014	58.4779
3756	79.3012	58.4779
3757	79.3009	58.4779
3758	79.3006	58.4779
3759	79.3004	58.4779
3760	79.3001	58.4779
3761	79.2998	58.4779
3762	79.2995	58.4779
3763	79.2993	58.4779
3764	79.299	58.4779
3765	79.2988	58.4779
3766	79.2985	58.4779
3767	79.2982	58.4779
3768	79.298	58.4779
3769	79.2977	58.4779
3770	79.2974	58.4779
3771	79.2972	58.4779
3772	79.2969	58.4779
3773	79.2966	58.4779
3774	79.2964	58.4779
3775	79.2961	58.4779
3776	79.2958	58.4779
3777	79.2956	58.4779
3778	79.2953	58.4779
3779	79.295	58.4779
3780	79.2948	58.4779
3781	79.2945	58.4779
3782	79.2943	58.4779
3783	79.294	58.4779
3784	79.2937	58.4779
3785	79.2935	58.4779
3786	79.2932	58.4779
3787	79.2929	58.4779
3788	79.2927	58.4779
3789	79.2924	58.4779
3790	79.2922	58.4779
3791	79.2919	58.4779
3792	79.2916	58.4779
3793	79.2914	58.4779
3794	79.2911	58.4779
3795	79.2909	58.4779
3796	79.2906	58.4779
3797	79.2903	58.4779
3798	79.2901	58.4779
3799	79.2898	58.4779
3800	79.2896	58.4779
3801	79.2893	58.4779
3802	79.289	58.4779
3803	79.2888	58.4779
3804	79.2885	58.4779
3805	79.2883	58.4779
3806	79.288	58.4779
3807	79.2878	58.4779
3808	79.2875	58.4779
3809	79.2872	58.4779
3810	79.287	58.4779
3811	79.2867	58.4779
3812	79.2865	58.4779
3813	79.2862	58.4779
3814	79.286	58.4779
3815	79.2857	58.4779
3816	79.2854	58.4779
3817	79.2852	58.4779
3818	79.2849	58.4779
3819	79.2847	58.4779
3820	79.2844	58.4779
3821	79.2842	58.4779
3822	79.2839	58.4779
3823	79.2837	58.4779
3824	79.2834	58.4779
3825	79.2832	58.4779
3826	79.2829	58.4779
3827	79.2826	58.4779
3828	79.2824	58.4779
3829	79.2821	58.4779
3830	79.2819	58.4779
3831	79.2816	58.4779
3832	79.2814	58.4779
3833	79.2811	58.4779
3834	79.2809	58.4779
3835	79.2806	58.4779
3836	79.2804	58.4779
3837	79.2801	58.4779
3838	79.2799	58.4779
3839	79.2796	58.4779
3840	79.2794	58.4779
3841	79.2791	58.4779
3842	79.2789	58.4779
3843	79.2786	58.4779
3844	79.2784	58.4779
3845	79.2781	58.4779
3846	79.2779	58.4779
3847	79.2776	58.4779
3848	79.2774	58.4779
3849	79.2771	58.4779
3850	79.2769	58.4779
3851	79.2766	58.4779
3852	79.2764	58.4779
3853	79.2761	58.4779
3854	79.2759	58.4779
3855	79.2756	58.4779
3856	79.2754	58.4779
3857	79.2751	58.4779
3858	79.2749	58.4779
3859	79.2746	58.4779
3860	79.2744	58.4779
3861	79.2742	58.4779
3862	79.2739	58.4779
3863	79.2737	58.4779
3864	79.2734	58.4779
3865	79.2732	58.4779
3866	79.2729	58.4779
3867	79.2727	58.4779
3868	79.2724	58.4779
3869	79.2722	58.4779
3870	79.2719	58.4779
3871	79.2717	58.4779
3872	79.2715	58.4779
3873	79.2712	58.4779
3874	79.271	58.4779
3875	79.2707	58.4779
3876	79.2705	58.4779
3877	79.2702	58.4779
3878	79.27	58.4779
3879	79.2697	58.4779
3880	79.2695	58.4779
3881	79.2693	58.4779
3882	79.269	58.4779
3883	79.2688	58.4779
3884	79.2685	58.4779
3885	79.2683	58.4779
3886	79.2681	58.4779
3887	79.2678	58.4779
3888	79.2676	58.4779
3889	79.2673	58.4779
3890	79.2671	58.4779
3891	79.2669	58.4779
3892	79.2666	58.4779
3893	79.2664	58.4779
3894	79.2661	58.4779
3895	79.2659	58.4779
3896	79.2657	58.4779
3897	79.2654	58.4779
3898	79.2652	58.4779
3899	79.2649	58.4779
3900	79.2647	58.4779
3901	79.2645	58.4779
3902	79.2642	58.4779
3903	79.264	58.4779
3904	79.2637	58.4779
3905	79.2635	58.4779
3906	79.2633	58.4779
3907	79.263	58.4779
3908	79.2628	58.4779
3909	79.2626	58.4779
3910	79.2623	58.4779
3911	79.2621	58.4779
3912	79.2618	58.4779
3913	79.2616	58.4779
3914	79.2614	58.4779
3915	79.2611	58.4779
3916	79.2609	58.4779
3917	79.2607	58.4779
3918	79.2604	58.4779
3919	79.2602	58.4779
3920	79.26	58.4779
3921	79.2597	58.4779
3922	79.2595	58.4779
3923	79.2593	58.4779
3924	79.259	58.4779
3925	79.2588	58.4779
3926	79.2586	58.4779
3927	79.2583	58.4779
3928	79.2581	58.4779
3929	79.2579	58.4779
3930	79.2576	58.4779
3931	79.2574	58.4779
3932	79.2572	58.4779
3933	79.2569	58.4779
3934	79.2567	58.4779
3935	79.2565	58.4779
3936	79.2562	58.4779
3937	79.256	58.4779
3938	79.2558	58.4779
3939	79.2555	58.4779
3940	79.2553	58.4779
3941	79.2551	58.4779
3942	79.2548	58.4779
3943	79.2546	58.4779
3944	79.2544	58.4779
3945	79.2542	58.4779
3946	79.2539	58.4779
3947	79.2537	58.4779
3948	79.2535	58.4779
3949	79.2532	58.4779
3950	79.253	58.4779
3951	79.2528	58.4779
3952	79.2526	58.4779
3953	79.2523	58.4779
3954	79.2521	58.4779
3955	79.2519	58.4779
3956	79.2516	58.4779
3957	79.2514	58.4779
3958	79.2512	58.4779
3959	79.251	58.4779
3960	79.2507	58.4779
3961	79.2505	58.4779
3962	79.2503	58.4779
3963	79.25	58.4779
3964	79.2498	58.4779
3965	79.2496	58.4779
3966	79.2494	58.4779
3967	79.2491	58.4779
3968	79.2489	58.4779
3969	79.2487	58.4779
3970	79.2485	58.4779
3971	79.2482	58.4779
3972	79.248	58.4779
3973	79.2478	58.4779
3974	79.2476	58.4779
3975	79.2473	58.4779
3976	79.2471	58.4779
3977	79.2469	58.4779
3978	79.2467	58.4779
3979	79.2464	58.4779
3980	79.2462	58.4779
3981	79.246	58.4779
3982	79.2458	58.4779
3983	79.2456	58.4779
3984	79.2453	58.4779
3985	79.2451	58.4779
3986	79.2449	58.4779
3987	79.2447	58.4779
3988	79.2444	58.4779
3989	79.2442	58.4779
3990	79.244	58.4779
3991	79.2438	58.4779
3992	79.2436	58.4779
3993	79.2433	58.4779
3994	79.2431	58.4779
3995	79.2429	58.4779
3996	79.2427	58.4779
3997	79.2425	58.4779
3998	79.2422	58.4779
3999	79.242	58.4779
4000	79.2418	58.4779
4001	79.2416	58.4779
4002	79.2414	58.4779
4003	79.2411	58.4779
4004	79.2409	58.4779
4005	79.2407	58.4779
4006	79.2405	58.4779
4007	79.2403	58.4779
4008	79.24	58.4779
4009	79.2398	58.4779
4010	79.2396	58.4779
4011	79.2394	58.4779
4012	79.2392	58.4779
4013	79.239	58.4779
4014	79.2387	58.4779
4015	79.2385	58.4779
4016	79.2383	58.4779
4017	79.2381	58.4779
4018	79.2379	58.4779
4019	79.2377	58.4779
4020	79.2374	58.4779
4021	79.2372	58.4779
4022	79.237	58.4779
4023	79.2368	58.4779
4024	79.2366	58.4779
4025	79.2364	58.4779
4026	79.2361	58.4779
4027	79.2359	58.4779
4028	79.2357	58.4779
4029	79.2355	58.4779
4030	79.2353	58.4779
4031	79.2351	58.4779
4032	79.2349	58.4779
4033	79.2346	58.4779
4034	79.2344	58.4779
4035	79.2342	58.4779
4036	79.234	58.4779
4037	79.2338	58.4779
4038	79.2336	58.4779
4039	79.2334	58.4779
4040	79.2332	58.4779
4041	79.2329	58.4779
4042	79.2327	58.4779
4043	79.2325	58.4779
4044	79.2323	58.4779
4045	79.2321	58.4779
4046	79.2319	58.4779
4047	79.2317	58.4779
4048	79.2315	58.4779
4049	79.2312	58.4779
4050	79.231	58.4779
4051	79.2308	58.4779
4052	79.2306	58.4779
4053	79.2304	58.4779
4054	79.2302	58.4779
4055	79.23	58.4779
4056	79.2298	58.4779
4057	79.2296	58.4779
4058	79.2294	58.4779
4059	79.2291	58.4779
4060	79.2289	58.4779
4061	79.2287	58.4779
4062	79.2285	58.4779
4063	79.2283	58.4779
4064	79.2281	58.4779
4065	79.2279	58.4779
4066	79.2277	58.4779
4067	79.2275	58.4779
4068	79.2273	58.4779
4069	79.2271	58.4779
4070	79.2269	58.4779
4071	79.2266	58.4779
4072	79.2264	58.4779
4073	79.2262	58.4779
4074	79.226	58.4779
4075	79.2258	58.4779
4076	79.2256	58.4779
4077	79.2254	58.4779
4078	79.2252	58.4779
4079	79.225	58.4779
4080	79.2248	58.4779
4081	79.2246	58.4779
4082	79.2244	58.4779
4083	79.2242	58.4779
4084	79.224	58.4779
4085	79.2238	58.4779
4086	79.2236	58.4779
4087	79.2234	58.4779
4088	79.2231	58.4779
4089	79.2229	58.4779
4090	79.2227	58.4779
4091	79.2225	58.4779
4092	79.2223	58.4779
4093	79.2221	58.4779
4094	79.2219	58.4779
4095	79.2217	58.4779
4096	79.2215	58.4779
4097	79.2213	58.4779
4098	79.2211	58.4779
4099	79.2209	58.4779
4100	79.2207	58.4779
4101	79.2205	58.4779
4102	79.2203	58.4779
4103	79.2201	58.4779
4104	79.2199	58.4779
4105	79.2197	58.4779
4106	79.2195	58.4779
4107	79.2193	58.4779
4108	79.2191	58.4779
4109	79.2189	58.4779
4110	79.2187	58.4779
4111	79.2185	58.4779
4112	79.2183	58.4779
4113	79.2181	58.4779
4114	79.2179	58.4779
4115	79.2177	58.4779
4116	79.2175	58.4779
4117	79.2173	58.4779
4118	79.2171	58.4779
4119	79.2169	58.4779
4120	79.2167	58.4779
4121	79.2165	58.4779
4122	79.2163	58.4779
4123	79.2161	58.4779
4124	79.2159	58.4779
4125	79.2157	58.4779
4126	79.2155	58.4779
4127	79.2153	58.4779
4128	79.2151	58.4779
4129	79.2149	58.4779
4130	79.2147	58.4779
4131	79.2145	58.4779
4132	79.2143	58.4779
4133	79.2141	58.4779
4134	79.2139	58.4779
4135	79.2137	58.4779
4136	79.2135	58.4779
4137	79.2133	58.4779
4138	79.2131	58.4779
4139	79.2129	58.4779
4140	79.2127	58.4779
4141	79.2125	58.4779
4142	79.2123	58.4779
4143	79.2122	58.4779
4144	79.212	58.4779
4145	79.2118	58.4779
4146	79.2116	58.4779
4147	79.2114	58.4779
4148	79.2112	58.4779
4149	79.211	58.4779
4150	79.2108	58.4779
4151	79.2106	58.4779
4152	79.2104	58.4779
4153	79.2102	58.4779
4154	79.21	58.4779
4155	79.2098	58.4779
4156	79.2096	58.4779
4157	79.2094	58.4779
4158	79.2092	58.4779
4159	79.209	58.4779
4160	79.2089	58.4779
4161	79.2087	58.4779
4162	79.2085	58.4779
4163	79.2083	58.4779
4164	79.2081	58.4779
4165	79.2079	58.4779
4166	79.2077	58.4779
4167	79.2075	58.4779
4168	79.2073	58.4779
4169	79.2071	58.4779
4170	79.2069	58.4779
4171	79.2067	58.4779
4172	79.2065	58.4779
4173	79.2064	58.4779
4174	79.2062	58.4779
4175	79.206	58.4779
4176	79.2058	58.4779
4177	79.2056	58.4779
4178	79.2054	58.4779
4179	79.2052	58.4779
4180	79.205	58.4779
4181	79.2048	58.4779
4182	79.2046	58.4779
4183	79.2045	58.4779
4184	79.2043	58.4779
4185	79.2041	58.4779
4186	79.2039	58.4779
4187	79.2037	58.4779
4188	79.2035	58.4779
4189	79.2033	58.4779
4190	79.2031	58.4779
4191	79.2029	58.4779
4192	79.2028	58.4779
4193	79.2026	58.4779
4194	79.2024	58.4779
4195	79.2022	58.4779
4196	79.202	58.4779
4197	79.2018	58.4779
4198	79.2016	58.4779
4199	79.2014	58.4779
4200	79.2013	58.4779
4201	79.2011	58.4779
4202	79.2009	58.4779
4203	79.2007	58.4779
4204	79.2005	58.4779
4205	79.2003	58.4779
4206	79.2001	58.4779
4207	79.2	58.4779
4208	79.1998	58.4779
4209	79.1996	58.4779
4210	79.1994	58.4779
4211	79.1992	58.4779
4212	79.199	58.4779
4213	79.1988	58.4779
4214	79.1987	58.4779
4215	79.1985	58.4779
4216	79.1983	58.4779
4217	79.1981	58.4779
4218	79.1979	58.4779
4219	79.1977	58.4779
4220	79.1976	58.4779
4221	79.1974	58.4779
4222	79.1972	58.4779
4223	79.197	58.4779
4224	79.1968	58.4779
4225	79.1966	58.4779
4226	79.1965	58.4779
4227	79.1963	58.4779
4228	79.1961	58.4779
4229	79.1959	58.4779
4230	79.1957	58.4779
4231	79.1955	58.4779
4232	79.1954	58.4779
4233	79.1952	58.4779
4234	79.195	58.4779
4235	79.1948	58.4779
4236	79.1946	58.4779
4237	79.1945	58.4779
4238	79.1943	58.4779
4239	79.1941	58.4779
4240	79.1939	58.4779
4241	79.1937	58.4779
4242	79.1935	58.4779
4243	79.1934	58.4779
4244	79.1932	58.4779
4245	79.193	58.4779
4246	79.1928	58.4779
4247	79.1926	58.4779
4248	79.1925	58.4779
4249	79.1923	58.4779
4250	79.1921	58.4779
4251	79.1919	58.4779
4252	79.1917	58.4779
4253	79.1916	58.4779
4254	79.1914	58.4779
4255	79.1912	58.4779
4256	79.191	58.4779
4257	79.1909	58.4779
4258	79.1907	58.4779
4259	79.1905	58.4779
4260	79.1903	58.4779
4261	79.1901	58.4779
4262	79.19	58.4779
4263	79.1898	58.4779
4264	79.1896	58.4779
4265	79.1894	58.4779
4266	79.1892	58.4779
4267	79.1891	58.4779
4268	79.1889	58.4779
4269	79.1887	58.4779
4270	79.1885	58.4779
4271	79.1884	58.4779
4272	79.1882	58.4779
4273	79.188	58.4779
4274	79.1878	58.4779
4275	79.1877	58.4779
4276	79.1875	58.4779
4277	79.1873	58.4779
4278	79.1871	58.4779
4279	79.187	58.4779
4280	79.1868	58.4779
4281	79.1866	58.4779
4282	79.1864	58.4779
4283	79.1863	58.4779
4284	79.1861	58.4779
4285	79.1859	58.4779
4286	79.1857	58.4779
4287	79.1856	58.4779
4288	79.1854	58.4779
4289	79.1852	58.4779
4290	79.185	58.4779
4291	79.1849	58.4779
4292	79.1847	58.4779
4293	79.1845	58.4779
4294	79.1843	58.4779
4295	79.1842	58.4779
4296	79.184	58.4779
4297	79.1838	58.4779
4298	79.1836	58.4779
4299	79.1835	58.4779
4300	79.1833	58.4779
4301	79.1831	58.4779
4302	79.183	58.4779
4303	79.1828	58.4779
4304	79.1826	58.4779
4305	79.1824	58.4779
4306	79.1823	58.4779
4307	79.1821	58.4779
4308	79.1819	58.4779
4309	79.1818	58.4779
4310	79.1816	58.4779
4311	79.1814	58.4779
4312	79.1812	58.4779
4313	79.1811	58.4779
4314	79.1809	58.4779
4315	79.1807	58.4779
4316	79.1806	58.4779
4317	79.1804	58.4779
4318	79.1802	58.4779
4319	79.18	58.4779
4320	79.1799	58.4779
4321	79.1797	58.4779
4322	79.1795	58.4779
4323	79.1794	58.4779
4324	79.1792	58.4779
4325	79.179	58.4779
4326	79.1789	58.4779
4327	79.1787	58.4779
4328	79.1785	58.4779
4329	79.1783	58.4779
4330	79.1782	58.4779
4331	79.178	58.4779
4332	79.1778	58.4779
4333	79.1777	58.4779
4334	79.1775	58.4779
4335	79.1773	58.4779
4336	79.1772	58.4779
4337	79.177	58.4779
4338	79.1768	58.4779
4339	79.1767	58.4779
4340	79.1765	58.4779
4341	79.1763	58.4779
4342	79.1762	58.4779
4343	79.176	58.4779
4344	79.1758	58.4779
4345	79.1757	58.4779
4346	79.1755	58.4779
4347	79.1753	58.4779
4348	79.1752	58.4779
4349	79.175	58.4779
4350	79.1748	58.4779
4351	79.1747	58.4779
4352	79.1745	58.4779
4353	79.1743	58.4779
4354	79.1742	58.4779
4355	79.174	58.4779
4356	79.1738	58.4779
4357	79.1737	58.4779
4358	79.1735	58.4779
4359	79.1733	58.4779
4360	79.1732	58.4779
4361	79.173	58.4779
4362	79.1728	58.4779
4363	79.1727	58.4779
4364	79.1725	58.4779
4365	79.1724	58.4779
4366	79.1722	58.4779
4367	79.172	58.4779
4368	79.1719	58.4779
4369	79.1717	58.4779
4370	79.1715	58.4779
4371	79.1714	58.4779
4372	79.1712	58.4779
4373	79.171	58.4779
4374	79.1709	58.4779
4375	79.1707	58.4779
4376	79.1706	58.4779
4377	79.1704	58.4779
4378	79.1702	58.4779
4379	79.1701	58.4779
4380	79.1699	58.4779
4381	79.1697	58.4779
4382	79.1696	58.4779
4383	79.1694	58.4779
4384	79.1693	58.4779
4385	79.1691	58.4779
4386	79.1689	58.4779
4387	79.1688	58.4779
4388	79.1686	58.4779
4389	79.1684	58.4779
4390	79.1683	58.4779
4391	79.1681	58.4779
4392	79.168	58.4779
4393	79.1678	58.4779
4394	79.1676	58.4779
4395	79.1675	58.4779
4396	79.1673	58.4779
4397	79.1672	58.4779
4398	79.167	58.4779
4399	79.1668	58.4779
4400	79.1667	58.4779
4401	79.1665	58.4779
4402	79.1664	58.4779
4403	79.1662	58.4779
4404	79.166	58.4779
4405	79.1659	58.4779
4406	79.1657	58.4779
4407	79.1656	58.4779
4408	79.1654	58.4779
4409	79.1652	58.4779
4410	79.1651	58.4779
4411	79.1649	58.4779
4412	79.1648	58.4779
4413	79.1646	58.4779
4414	79.1645	58.4779
4415	79.1643	58.4779
4416	79.1641	58.4779
4417	79.164	58.4779
4418	79.1638	58.4779
4419	79.1637	58.4779
4420	79.1635	58.4779
4421	79.1633	58.4779
4422	79.1632	58.4779
4423	79.163	58.4779
4424	79.1629	58.4779
4425	79.1627	58.4779
4426	79.1626	58.4779
4427	79.1624	58.4779
4428	79.1622	58.4779
4429	79.1621	58.4779
4430	79.1619	58.4779
4431	79.1618	58.4779
4432	79.1616	58.4779
4433	79.1615	58.4779
4434	79.1613	58.4779
4435	79.1612	58.4779
4436	79.161	58.4779
4437	79.1608	58.4779
4438	79.1607	58.4779
4439	79.1605	58.4779
4440	79.1604	58.4779
4441	79.1602	58.4779
4442	79.1601	58.4779
4443	79.1599	58.4779
4444	79.1598	58.4779
4445	79.1596	58.4779
4446	79.1594	58.4779
4447	79.1593	58.4779
4448	79.1591	58.4779
4449	79.159	58.4779
4450	79.1588	58.4779
4451	79.1587	58.4779
4452	79.1585	58.4779
4453	79.1584	58.4779
4454	79.1582	58.4779
4455	79.1581	58.4779
4456	79.1579	58.4779
4457	79.1578	58.4779
4458	79.1576	58.4779
4459	79.1574	58.4779
4460	79.1573	58.4779
4461	79.1571	58.4779
4462	79.157	58.4779
4463	79.1568	58.4779
4464	79.1567	58.4779
4465	79.1565	58.4779
4466	79.1564	58.4779
4467	79.1562	58.4779
4468	79.1561	58.4779
4469	79.1559	58.4779
4470	79.1558	58.4779
4471	79.1556	58.4779
4472	79.1555	58.4779
4473	79.1553	58.4779
4474	79.1552	58.4779
4475	79.155	58.4779
4476	79.1549	58.4779
4477	79.1547	58.4779
4478	79.1546	58.4779
4479	79.1544	58.4779
4480	79.1543	58.4779
4481	79.1541	58.4779
4482	79.154	58.4779
4483	79.1538	58.4779
4484	79.1537	58.4779
4485	79.1535	58.4779
4486	79.1534	58.4779
4487	79.1532	58.4779
4488	79.1531	58.4779
4489	79.1529	58.4779
4490	79.1528	58.4779
4491	79.1526	58.4779
4492	79.1525	58.4779
4493	79.1523	58.4779
4494	79.1522	58.4779
4495	79.152	58.4779
4496	79.1519	58.4779
4497	79.1517	58.4779
4498	79.1516	58.4779
4499	79.1514	58.4779
4500	79.1513	58.4779
4501	79.1511	58.4779
4502	79.151	58.4779
4503	79.1508	58.4779
4504	79.1507	58.4779
4505	79.1505	58.4779
4506	79.1504	58.4779
4507	79.1502	58.4779
4508	79.1501	58.4779
4509	79.1499	58.4779
4510	79.1498	58.4779
4511	79.1496	58.4779
4512	79.1495	58.4779
4513	79.1493	58.4779
4514	79.1492	58.4779
4515	79.149	58.4779
4516	79.1489	58.4779
4517	79.1487	58.4779
4518	79.1486	58.4779
4519	79.1485	58.4779
4520	79.1483	58.4779
4521	79.1482	58.4779
4522	79.148	58.4779
4523	79.1479	58.4779
4524	79.1477	58.4779
4525	79.1476	58.4779
4526	79.1474	58.4779
4527	79.1473	58.4779
4528	79.1471	58.4779
4529	79.147	58.4779
4530	79.1468	58.4779
4531	79.1467	58.4779
4532	79.1466	58.4779
4533	79.1464	58.4779
4534	79.1463	58.4779
4535	79.1461	58.4779
4536	79.146	58.4779
4537	79.1458	58.4779
4538	79.1457	58.4779
4539	79.1455	58.4779
4540	79.1454	58.4779
4541	79.1453	58.4779
4542	79.1451	58.4779
4543	79.145	58.4779
4544	79.1448	58.4779
4545	79.1447	58.4779
4546	79.1445	58.4779
4547	79.1444	58.4779
4548	79.1442	58.4779
4549	79.1441	58.4779
4550	79.144	58.4779
4551	79.1438	58.4779
4552	79.1437	58.4779
4553	79.1435	58.4779
4554	79.1434	58.4779
4555	79.1432	58.4779
4556	79.1431	58.4779
4557	79.143	58.4779
4558	79.1428	58.4779
4559	79.1427	58.4779
4560	79.1425	58.4779
4561	79.1424	58.4779
4562	79.1422	58.4779
4563	79.1421	58.4779
4564	79.142	58.4779
4565	79.1418	58.4779
4566	79.1417	58.4779
4567	79.1415	58.4779
4568	79.1414	58.4779
4569	79.1413	58.4779
4570	79.1411	58.4779
4571	79.141	58.4779
4572	79.1408	58.4779
4573	79.1407	58.4779
4574	79.1406	58.4779
4575	79.1404	58.4779
4576	79.1403	58.4779
4577	79.1401	58.4779
4578	79.14	58.4779
4579	79.1398	58.4779
4580	79.1397	58.4779
4581	79.1396	58.4779
4582	79.1394	58.4779
4583	79.1393	58.4779
4584	79.1391	58.4779
4585	79.139	58.4779
4586	79.1389	58.4779
4587	79.1387	58.4779
4588	79.1386	58.4779
4589	79.1384	58.4779
4590	79.1383	58.4779
4591	79.1382	58.4779
4592	79.138	58.4779
4593	79.1379	58.4779
4594	79.1378	58.4779
4595	79.1376	58.4779
4596	79.1375	58.4779
4597	79.1373	58.4779
4598	79.1372	58.4779
4599	79.1371	58.4779
4600	79.1369	58.4779
4601	79.1368	58.4779
4602	79.1366	58.4779
4603	79.1365	58.4779
4604	79.1364	58.4779
4605	79.1362	58.4779
4606	79.1361	58.4779
4607	79.136	58.4779
4608	79.1358	58.4779
4609	79.1357	58.4779
4610	79.1355	58.4779
4611	79.1354	58.4779
4612	79.1353	58.4779
4613	79.1351	58.4779
4614	79.135	58.4779
4615	79.1349	58.4779
4616	79.1347	58.4779
4617	79.1346	58.4779
4618	79.1344	58.4779
4619	79.1343	58.4779
4620	79.1342	58.4779
4621	79.134	58.4779
4622	79.1339	58.4779
4623	79.1338	58.4779
4624	79.1336	58.4779
4625	79.1335	58.4779
4626	79.1334	58.4779
4627	79.1332	58.4779
4628	79.1331	58.4779
4629	79.1329	58.4779
4630	79.1328	58.4779
4631	79.1327	58.4779
4632	79.1325	58.4779
4633	79.1324	58.4779
4634	79.1323	58.4779
4635	79.1321	58.4779
4636	79.132	58.4779
4637	79.1319	58.4779
4638	79.1317	58.4779
4639	79.1316	58.4779
4640	79.1315	58.4779
4641	79.1313	58.4779
4642	79.1312	58.4779
4643	79.1311	58.4779
4644	79.1309	58.4779
4645	79.1308	58.4779
4646	79.1307	58.4779
4647	79.1305	58.4779
4648	79.1304	58.4779
4649	79.1303	58.4779
4650	79.1301	58.4779
4651	79.13	58.4779
4652	79.1299	58.4779
4653	79.1297	58.4779
4654	79.1296	58.4779
4655	79.1295	58.4779
4656	79.1293	58.4779
4657	79.1292	58.4779
4658	79.1291	58.4779
4659	79.1289	58.4779
4660	79.1288	58.4779
4661	79.1287	58.4779
4662	79.1285	58.4779
4663	79.1284	58.4779
4664	79.1283	58.4779
4665	79.1281	58.4779
4666	79.128	58.4779
4667	79.1279	58.4779
4668	79.1277	58.4779
4669	79.1276	58.4779
4670	79.1275	58.4779
4671	79.1273	58.4779
4672	79.1272	58.4779
4673	79.1271	58.4779
4674	79.1269	58.4779
4675	79.1268	58.4779
4676	79.1267	58.4779
4677	79.1265	58.4779
4678	79.1264	58.4779
4679	79.1263	58.4779
4680	79.1262	58.4779
4681	79.126	58.4779
4682	79.1259	58.4779
4683	79.1258	58.4779
4684	79.1256	58.4779
4685	79.1255	58.4779
4686	79.1254	58.4779
4687	79.1252	58.4779
4688	79.1251	58.4779
4689	79.125	58.4779
4690	79.1248	58.4779
4691	79.1247	58.4779
4692	79.1246	58.4779
4693	79.1245	58.4779
4694	79.1243	58.4779
4695	79.1242	58.4779
4696	79.1241	58.4779
4697	79.1239	58.4779
4698	79.1238	58.4779
4699	79.1237	58.4779
4700	79.1236	58.4779
4701	79.1234	58.4779
4702	79.1233	58.4779
4703	79.1232	58.4779
4704	79.123	58.4779
4705	79.1229	58.4779
4706	79.1228	58.4779
4707	79.1227	58.4779
4708	79.1225	58.4779
4709	79.1224	58.4779
4710	79.1223	58.4779
4711	79.1221	58.4779
4712	79.122	58.4779
4713	79.1219	58.4779
4714	79.1218	58.4779
4715	79.1216	58.4779
4716	79.1215	58.4779
4717	79.1214	58.4779
4718	79.1212	58.4779
4719	79.1211	58.4779
4720	79.121	58.4779
4721	79.1209	58.4779
4722	79.1207	58.4779
